0.174466422469187 0.0754113932010264 2.89972723171156 2.9782889133488
0.175038359279564 0.0783577638299185 2.89595352240328 2.97851793863156
0.169696388317409 0.0783117244645462 2.89638571820735 2.97656085577095
0.187370481798312 0.0813952626336825 2.90412228594772 2.98205867547527
0.154590333400109 0.076045984490851 2.89343973432348 2.97179569742158
0.171722881407148 0.0805727132576023 2.89966977927431 2.97683219839275
0.171086718863603 0.0777099224707398 2.90033870270154 2.97702514177612
0.166821452165616 0.0772280603361017 2.89616084005663 2.97595898635522
0.163190071325571 0.0703260143356563 2.89268996555842 2.97475079772779
0.184483983379422 0.0834127431849145 2.89819173157625 2.98134605163946
0.166821452165616 0.0772280603361017 2.89616084005663 2.97595898635522
0.171086718863603 0.0777099224707398 2.90033870270154 2.97702514177612
0.174466422469187 0.0754113932010264 2.89972723171156 2.9782889133488
0.169696388317409 0.0783117244645462 2.89638571820735 2.97656085577095
0.175038359279564 0.0783577638299185 2.89595352240328 2.97851793863156
0.187370481798312 0.0813952626336825 2.90412228594772 2.98205867547527
0.163190071325571 0.0703260143356563 2.89268996555842 2.97475079772779
0.171722881407148 0.0805727132576023 2.89966977927431 2.97683219839275
0.154590333400109 0.076045984490851 2.89343973432348 2.97179569742158
0.184483983379422 0.0834127431849145 2.89819173157625 2.98134605163946
0.174466422469187 0.0754113932010264 2.89972723171156 2.9782889133488
0.184483983379422 0.0834127431849145 2.89819173157625 2.98134605163946
0.175038359279564 0.0783577638299185 2.89595352240328 2.97851793863156
0.187370481798312 0.0813952626336825 2.90412228594772 2.98205867547527
0.171722881407148 0.0805727132576023 2.89966977927431 2.97683219839275
0.163190071325571 0.0703260143356563 2.89268996555842 2.97475079772779
0.169696388317409 0.0783117244645462 2.89638571820735 2.97656085577095
0.154590333400109 0.076045984490851 2.89343973432348 2.97179569742158
0.171086718863603 0.0777099224707398 2.90033870270154 2.97702514177612
0.166821452165616 0.0772280603361017 2.89616084005663 2.97595898635522
0.171086718863603 0.0777099224707398 2.90033870270154 2.97702514177612
0.171722881407148 0.0805727132576023 2.89966977927431 2.97683219839275
0.184483983379422 0.0834127431849145 2.89819173157625 2.98134605163946
0.187370481798312 0.0813952626336825 2.90412228594772 2.98205867547527
0.174466422469187 0.0754113932010264 2.89972723171156 2.9782889133488
0.175038359279564 0.0783577638299185 2.89595352240328 2.97851793863156
0.163190071325571 0.0703260143356563 2.89268996555842 2.97475079772779
0.169696388317409 0.0783117244645462 2.89638571820735 2.97656085577095
0.154590333400109 0.076045984490851 2.89343973432348 2.97179569742158
0.166821452165616 0.0772280603361017 2.89616084005663 2.97595898635522
0.171722881407148 0.0805727132576023 2.89966977927431 2.97683219839275
0.163190071325571 0.0703260143356563 2.89268996555842 2.97475079772779
0.184483983379422 0.0834127431849145 2.89819173157625 2.98134605163946
0.175038359279564 0.0783577638299185 2.89595352240328 2.97851793863156
0.166821452165616 0.0772280603361017 2.89616084005663 2.97595898635522
0.171086718863603 0.0777099224707398 2.90033870270154 2.97702514177612
0.169696388317409 0.0783117244645462 2.89638571820735 2.97656085577095
0.174466422469187 0.0754113932010264 2.89972723171156 2.9782889133488
0.187370481798312 0.0813952626336825 2.90412228594772 2.98205867547527
0.154590333400109 0.076045984490851 2.89343973432348 2.97179569742158
0.171086718863603 0.0777099224707398 2.90033870270154 2.97702514177612
0.171722881407148 0.0805727132576023 2.89966977927431 2.97683219839275
0.175038359279564 0.0783577638299185 2.89595352240328 2.97851793863156
0.163190071325571 0.0703260143356563 2.89268996555842 2.97475079772779
0.166821452165616 0.0772280603361017 2.89616084005663 2.97595898635522
0.174466422469187 0.0754113932010264 2.89972723171156 2.9782889133488
0.187370481798312 0.0813952626336825 2.90412228594772 2.98205867547527
0.184483983379422 0.0834127431849145 2.89819173157625 2.98134605163946
0.154590333400109 0.076045984490851 2.89343973432348 2.97179569742158
0.169696388317409 0.0783117244645462 2.89638571820735 2.97656085577095
0.163190071325571 0.0703260143356563 2.89268996555842 2.97475079772779
0.175038359279564 0.0783577638299185 2.89595352240328 2.97851793863156
0.171722881407148 0.0805727132576023 2.89966977927431 2.97683219839275
0.154590333400109 0.076045984490851 2.89343973432348 2.97179569742158
0.174466422469187 0.0754113932010264 2.89972723171156 2.9782889133488
0.171086718863603 0.0777099224707398 2.90033870270154 2.97702514177612
0.169696388317409 0.0783117244645462 2.89638571820735 2.97656085577095
0.184483983379422 0.0834127431849145 2.89819173157625 2.98134605163946
0.187370481798312 0.0813952626336825 2.90412228594772 2.98205867547527
0.166821452165616 0.0772280603361017 2.89616084005663 2.97595898635522
0.187370481798312 0.0813952626336825 2.90412228594772 2.98205867547527
0.171722881407148 0.0805727132576023 2.89966977927431 2.97683219839275
0.163190071325571 0.0703260143356563 2.89268996555842 2.97475079772779
0.169696388317409 0.0783117244645462 2.89638571820735 2.97656085577095
0.175038359279564 0.0783577638299185 2.89595352240328 2.97851793863156
0.154590333400109 0.076045984490851 2.89343973432348 2.97179569742158
0.166821452165616 0.0772280603361017 2.89616084005663 2.97595898635522
0.171086718863603 0.0777099224707398 2.90033870270154 2.97702514177612
0.174466422469187 0.0754113932010264 2.89972723171156 2.9782889133488
0.184483983379422 0.0834127431849145 2.89819173157625 2.98134605163946
0.166821452165616 0.0772280603361017 2.89616084005663 2.97595898635522
0.171722881407148 0.0805727132576023 2.89966977927431 2.97683219839275
0.184483983379422 0.0834127431849145 2.89819173157625 2.98134605163946
0.169696388317409 0.0783117244645462 2.89638571820735 2.97656085577095
0.163190071325571 0.0703260143356563 2.89268996555842 2.97475079772779
0.175038359279564 0.0783577638299185 2.89595352240328 2.97851793863156
0.154590333400109 0.076045984490851 2.89343973432348 2.97179569742158
0.171086718863603 0.0777099224707398 2.90033870270154 2.97702514177612
0.187370481798312 0.0813952626336825 2.90412228594772 2.98205867547527
0.174466422469187 0.0754113932010264 2.89972723171156 2.9782889133488
0.171722881407148 0.0805727132576023 2.89966977927431 2.97683219839275
0.175038359279564 0.0783577638299185 2.89595352240328 2.97851793863156
0.171086718863603 0.0777099224707398 2.90033870270154 2.97702514177612
0.166821452165616 0.0772280603361017 2.89616084005663 2.97595898635522
0.154590333400109 0.076045984490851 2.89343973432348 2.97179569742158
0.187370481798312 0.0813952626336825 2.90412228594772 2.98205867547527
0.169696388317409 0.0783117244645462 2.89638571820735 2.97656085577095
0.174466422469187 0.0754113932010264 2.89972723171156 2.9782889133488
0.163190071325571 0.0703260143356563 2.89268996555842 2.97475079772779
0.184483983379422 0.0834127431849145 2.89819173157625 2.98134605163946
0.175038359279564 0.0783577638299185 2.89595352240328 2.97851793863156
0.171722881407148 0.0805727132576023 2.89966977927431 2.97683219839275
0.184483983379422 0.0834127431849145 2.89819173157625 2.98134605163946
0.169696388317409 0.0783117244645462 2.89638571820735 2.97656085577095
0.166821452165616 0.0772280603361017 2.89616084005663 2.97595898635522
0.154590333400109 0.076045984490851 2.89343973432348 2.97179569742158
0.187370481798312 0.0813952626336825 2.90412228594772 2.98205867547527
0.163190071325571 0.0703260143356563 2.89268996555842 2.97475079772779
0.174466422469187 0.0754113932010264 2.89972723171156 2.9782889133488
0.171086718863603 0.0777099224707398 2.90033870270154 2.97702514177612
0.187370481798312 0.0813952626336825 2.90412228594772 2.98205867547527
0.169696388317409 0.0783117244645462 2.89638571820735 2.97656085577095
0.175038359279564 0.0783577638299185 2.89595352240328 2.97851793863156
0.154590333400109 0.076045984490851 2.89343973432348 2.97179569742158
0.171086718863603 0.0777099224707398 2.90033870270154 2.97702514177612
0.184483983379422 0.0834127431849145 2.89819173157625 2.98134605163946
0.171722881407148 0.0805727132576023 2.89966977927431 2.97683219839275
0.174466422469187 0.0754113932010264 2.89972723171156 2.9782889133488
0.163190071325571 0.0703260143356563 2.89268996555842 2.97475079772779
0.166821452165616 0.0772280603361017 2.89616084005663 2.97595898635522
0.163190071325571 0.0703260143356563 2.89268996555842 2.97475079772779
0.175038359279564 0.0783577638299185 2.89595352240328 2.97851793863156
0.187370481798312 0.0813952626336825 2.90412228594772 2.98205867547527
0.184483983379422 0.0834127431849145 2.89819173157625 2.98134605163946
0.169696388317409 0.0783117244645462 2.89638571820735 2.97656085577095
0.166821452165616 0.0772280603361017 2.89616084005663 2.97595898635522
0.171086718863603 0.0777099224707398 2.90033870270154 2.97702514177612
0.154590333400109 0.076045984490851 2.89343973432348 2.97179569742158
0.174466422469187 0.0754113932010264 2.89972723171156 2.9782889133488
0.171722881407148 0.0805727132576023 2.89966977927431 2.97683219839275
0.187370481798312 0.0813952626336825 2.90412228594772 2.98205867547527
0.174466422469187 0.0754113932010264 2.89972723171156 2.9782889133488
0.166821452165616 0.0772280603361017 2.89616084005663 2.97595898635522
0.154590333400109 0.076045984490851 2.89343973432348 2.97179569742158
0.184483983379422 0.0834127431849145 2.89819173157625 2.98134605163946
0.175038359279564 0.0783577638299185 2.89595352240328 2.97851793863156
0.171086718863603 0.0777099224707398 2.90033870270154 2.97702514177612
0.163190071325571 0.0703260143356563 2.89268996555842 2.97475079772779
0.169696388317409 0.0783117244645462 2.89638571820735 2.97656085577095
0.171722881407148 0.0805727132576023 2.89966977927431 2.97683219839275
0.175038359279564 0.0783577638299185 2.89595352240328 2.97851793863156
0.174466422469187 0.0754113932010264 2.89972723171156 2.9782889133488
0.171086718863603 0.0777099224707398 2.90033870270154 2.97702514177612
0.169696388317409 0.0783117244645462 2.89638571820735 2.97656085577095
0.154590333400109 0.076045984490851 2.89343973432348 2.97179569742158
0.166821452165616 0.0772280603361017 2.89616084005663 2.97595898635522
0.184483983379422 0.0834127431849145 2.89819173157625 2.98134605163946
0.187370481798312 0.0813952626336825 2.90412228594772 2.98205867547527
0.171722881407148 0.0805727132576023 2.89966977927431 2.97683219839275
0.163190071325571 0.0703260143356563 2.89268996555842 2.97475079772779
0.171086718863603 0.0777099224707398 2.90033870270154 2.97702514177612
0.187370481798312 0.0813952626336825 2.90412228594772 2.98205867547527
0.174466422469187 0.0754113932010264 2.89972723171156 2.9782889133488
0.171722881407148 0.0805727132576023 2.89966977927431 2.97683219839275
0.175038359279564 0.0783577638299185 2.89595352240328 2.97851793863156
0.154590333400109 0.076045984490851 2.89343973432348 2.97179569742158
0.163190071325571 0.0703260143356563 2.89268996555842 2.97475079772779
0.169696388317409 0.0783117244645462 2.89638571820735 2.97656085577095
0.184483983379422 0.0834127431849145 2.89819173157625 2.98134605163946
0.166821452165616 0.0772280603361017 2.89616084005663 2.97595898635522
0.166821452165616 0.0772280603361017 2.89616084005663 2.97595898635522
0.163190071325571 0.0703260143356563 2.89268996555842 2.97475079772779
0.171086718863603 0.0777099224707398 2.90033870270154 2.97702514177612
0.171722881407148 0.0805727132576023 2.89966977927431 2.97683219839275
0.154590333400109 0.076045984490851 2.89343973432348 2.97179569742158
0.169696388317409 0.0783117244645462 2.89638571820735 2.97656085577095
0.184483983379422 0.0834127431849145 2.89819173157625 2.98134605163946
0.187370481798312 0.0813952626336825 2.90412228594772 2.98205867547527
0.174466422469187 0.0754113932010264 2.89972723171156 2.9782889133488
0.175038359279564 0.0783577638299185 2.89595352240328 2.97851793863156
0.171722881407148 0.0805727132576023 2.89966977927431 2.97683219839275
0.163190071325571 0.0703260143356563 2.89268996555842 2.97475079772779
0.174466422469187 0.0754113932010264 2.89972723171156 2.9782889133488
0.187370481798312 0.0813952626336825 2.90412228594772 2.98205867547527
0.154590333400109 0.076045984490851 2.89343973432348 2.97179569742158
0.166821452165616 0.0772280603361017 2.89616084005663 2.97595898635522
0.184483983379422 0.0834127431849145 2.89819173157625 2.98134605163946
0.169696388317409 0.0783117244645462 2.89638571820735 2.97656085577095
0.171086718863603 0.0777099224707398 2.90033870270154 2.97702514177612
0.175038359279564 0.0783577638299185 2.89595352240328 2.97851793863156
0.169696388317409 0.0783117244645462 2.89638571820735 2.97656085577095
0.187370481798312 0.0813952626336825 2.90412228594772 2.98205867547527
0.166821452165616 0.0772280603361017 2.89616084005663 2.97595898635522
0.174466422469187 0.0754113932010264 2.89972723171156 2.9782889133488
0.171086718863603 0.0777099224707398 2.90033870270154 2.97702514177612
0.175038359279564 0.0783577638299185 2.89595352240328 2.97851793863156
0.163190071325571 0.0703260143356563 2.89268996555842 2.97475079772779
0.184483983379422 0.0834127431849145 2.89819173157625 2.98134605163946
0.154590333400109 0.076045984490851 2.89343973432348 2.97179569742158
0.171722881407148 0.0805727132576023 2.89966977927431 2.97683219839275
0.175038359279564 0.0783577638299185 2.89595352240328 2.97851793863156
0.171722881407148 0.0805727132576023 2.89966977927431 2.97683219839275
0.163190071325571 0.0703260143356563 2.89268996555842 2.97475079772779
0.154590333400109 0.076045984490851 2.89343973432348 2.97179569742158
0.171086718863603 0.0777099224707398 2.90033870270154 2.97702514177612
0.169696388317409 0.0783117244645462 2.89638571820735 2.97656085577095
0.184483983379422 0.0834127431849145 2.89819173157625 2.98134605163946
0.187370481798312 0.0813952626336825 2.90412228594772 2.98205867547527
0.174466422469187 0.0754113932010264 2.89972723171156 2.9782889133488
0.166821452165616 0.0772280603361017 2.89616084005663 2.97595898635522
0.163190071325571 0.0703260143356563 2.89268996555842 2.97475079772779
0.184483983379422 0.0834127431849145 2.89819173157625 2.98134605163946
0.166821452165616 0.0772280603361017 2.89616084005663 2.97595898635522
0.171722881407148 0.0805727132576023 2.89966977927431 2.97683219839275
0.171086718863603 0.0777099224707398 2.90033870270154 2.97702514177612
0.175038359279564 0.0783577638299185 2.89595352240328 2.97851793863156
0.174466422469187 0.0754113932010264 2.89972723171156 2.9782889133488
0.154590333400109 0.076045984490851 2.89343973432348 2.97179569742158
0.169696388317409 0.0783117244645462 2.89638571820735 2.97656085577095
0.187370481798312 0.0813952626336825 2.90412228594772 2.98205867547527
0.171086718863603 0.0777099224707398 2.90033870270154 2.97702514177612
0.171722881407148 0.0805727132576023 2.89966977927431 2.97683219839275
0.166821452165616 0.0772280603361017 2.89616084005663 2.97595898635522
0.184483983379422 0.0834127431849145 2.89819173157625 2.98134605163946
0.163190071325571 0.0703260143356563 2.89268996555842 2.97475079772779
0.169696388317409 0.0783117244645462 2.89638571820735 2.97656085577095
0.175038359279564 0.0783577638299185 2.89595352240328 2.97851793863156
0.187370481798312 0.0813952626336825 2.90412228594772 2.98205867547527
0.154590333400109 0.076045984490851 2.89343973432348 2.97179569742158
0.174466422469187 0.0754113932010264 2.89972723171156 2.9782889133488
0.163190071325571 0.0703260143356563 2.89268996555842 2.97475079772779
0.187370481798312 0.0813952626336825 2.90412228594772 2.98205867547527
0.171722881407148 0.0805727132576023 2.89966977927431 2.97683219839275
0.154590333400109 0.076045984490851 2.89343973432348 2.97179569742158
0.174466422469187 0.0754113932010264 2.89972723171156 2.9782889133488
0.184483983379422 0.0834127431849145 2.89819173157625 2.98134605163946
0.175038359279564 0.0783577638299185 2.89595352240328 2.97851793863156
0.169696388317409 0.0783117244645462 2.89638571820735 2.97656085577095
0.166821452165616 0.0772280603361017 2.89616084005663 2.97595898635522
0.171086718863603 0.0777099224707398 2.90033870270154 2.97702514177612
0.163190071325571 0.0703260143356563 2.89268996555842 2.97475079772779
0.171722881407148 0.0805727132576023 2.89966977927431 2.97683219839275
0.174466422469187 0.0754113932010264 2.89972723171156 2.9782889133488
0.154590333400109 0.076045984490851 2.89343973432348 2.97179569742158
0.184483983379422 0.0834127431849145 2.89819173157625 2.98134605163946
0.171086718863603 0.0777099224707398 2.90033870270154 2.97702514177612
0.166821452165616 0.0772280603361017 2.89616084005663 2.97595898635522
0.169696388317409 0.0783117244645462 2.89638571820735 2.97656085577095
0.175038359279564 0.0783577638299185 2.89595352240328 2.97851793863156
0.187370481798312 0.0813952626336825 2.90412228594772 2.98205867547527
0.175038359279564 0.0783577638299185 2.89595352240328 2.97851793863156
0.166821452165616 0.0772280603361017 2.89616084005663 2.97595898635522
0.187370481798312 0.0813952626336825 2.90412228594772 2.98205867547527
0.163190071325571 0.0703260143356563 2.89268996555842 2.97475079772779
0.184483983379422 0.0834127431849145 2.89819173157625 2.98134605163946
0.169696388317409 0.0783117244645462 2.89638571820735 2.97656085577095
0.154590333400109 0.076045984490851 2.89343973432348 2.97179569742158
0.171722881407148 0.0805727132576023 2.89966977927431 2.97683219839275
0.174466422469187 0.0754113932010264 2.89972723171156 2.9782889133488
0.171086718863603 0.0777099224707398 2.90033870270154 2.97702514177612
0.166821452165616 0.0772280603361017 2.89616084005663 2.97595898635522
0.163190071325571 0.0703260143356563 2.89268996555842 2.97475079772779
0.187370481798312 0.0813952626336825 2.90412228594772 2.98205867547527
0.174466422469187 0.0754113932010264 2.89972723171156 2.9782889133488
0.175038359279564 0.0783577638299185 2.89595352240328 2.97851793863156
0.184483983379422 0.0834127431849145 2.89819173157625 2.98134605163946
0.169696388317409 0.0783117244645462 2.89638571820735 2.97656085577095
0.171722881407148 0.0805727132576023 2.89966977927431 2.97683219839275
0.154590333400109 0.076045984490851 2.89343973432348 2.97179569742158
0.171086718863603 0.0777099224707398 2.90033870270154 2.97702514177612
0.171086718863603 0.0777099224707398 2.90033870270154 2.97702514177612
0.171722881407148 0.0805727132576023 2.89966977927431 2.97683219839275
0.169696388317409 0.0783117244645462 2.89638571820735 2.97656085577095
0.166821452165616 0.0772280603361017 2.89616084005663 2.97595898635522
0.154590333400109 0.076045984490851 2.89343973432348 2.97179569742158
0.174466422469187 0.0754113932010264 2.89972723171156 2.9782889133488
0.187370481798312 0.0813952626336825 2.90412228594772 2.98205867547527
0.175038359279564 0.0783577638299185 2.89595352240328 2.97851793863156
0.163190071325571 0.0703260143356563 2.89268996555842 2.97475079772779
0.184483983379422 0.0834127431849145 2.89819173157625 2.98134605163946
0.169696388317409 0.0783117244645462 2.89638571820735 2.97656085577095
0.166821452165616 0.0772280603361017 2.89616084005663 2.97595898635522
0.163190071325571 0.0703260143356563 2.89268996555842 2.97475079772779
0.175038359279564 0.0783577638299185 2.89595352240328 2.97851793863156
0.174466422469187 0.0754113932010264 2.89972723171156 2.9782889133488
0.171722881407148 0.0805727132576023 2.89966977927431 2.97683219839275
0.184483983379422 0.0834127431849145 2.89819173157625 2.98134605163946
0.187370481798312 0.0813952626336825 2.90412228594772 2.98205867547527
0.154590333400109 0.076045984490851 2.89343973432348 2.97179569742158
0.171086718863603 0.0777099224707398 2.90033870270154 2.97702514177612
0.184483983379422 0.0834127431849145 2.89819173157625 2.98134605163946
0.171086718863603 0.0777099224707398 2.90033870270154 2.97702514177612
0.175038359279564 0.0783577638299185 2.89595352240328 2.97851793863156
0.174466422469187 0.0754113932010264 2.89972723171156 2.9782889133488
0.154590333400109 0.076045984490851 2.89343973432348 2.97179569742158
0.163190071325571 0.0703260143356563 2.89268996555842 2.97475079772779
0.171722881407148 0.0805727132576023 2.89966977927431 2.97683219839275
0.166821452165616 0.0772280603361017 2.89616084005663 2.97595898635522
0.187370481798312 0.0813952626336825 2.90412228594772 2.98205867547527
0.169696388317409 0.0783117244645462 2.89638571820735 2.97656085577095
0.166821452165616 0.0772280603361017 2.89616084005663 2.97595898635522
0.169696388317409 0.0783117244645462 2.89638571820735 2.97656085577095
0.154590333400109 0.076045984490851 2.89343973432348 2.97179569742158
0.184483983379422 0.0834127431849145 2.89819173157625 2.98134605163946
0.175038359279564 0.0783577638299185 2.89595352240328 2.97851793863156
0.187370481798312 0.0813952626336825 2.90412228594772 2.98205867547527
0.163190071325571 0.0703260143356563 2.89268996555842 2.97475079772779
0.174466422469187 0.0754113932010264 2.89972723171156 2.9782889133488
0.171086718863603 0.0777099224707398 2.90033870270154 2.97702514177612
0.171722881407148 0.0805727132576023 2.89966977927431 2.97683219839275
0.169696388317409 0.0783117244645462 2.89638571820735 2.97656085577095
0.154590333400109 0.076045984490851 2.89343973432348 2.97179569742158
0.171722881407148 0.0805727132576023 2.89966977927431 2.97683219839275
0.187370481798312 0.0813952626336825 2.90412228594772 2.98205867547527
0.174466422469187 0.0754113932010264 2.89972723171156 2.9782889133488
0.184483983379422 0.0834127431849145 2.89819173157625 2.98134605163946
0.166821452165616 0.0772280603361017 2.89616084005663 2.97595898635522
0.163190071325571 0.0703260143356563 2.89268996555842 2.97475079772779
0.175038359279564 0.0783577638299185 2.89595352240328 2.97851793863156
0.171086718863603 0.0777099224707398 2.90033870270154 2.97702514177612
0.171722881407148 0.0805727132576023 2.89966977927431 2.97683219839275
0.175038359279564 0.0783577638299185 2.89595352240328 2.97851793863156
0.166821452165616 0.0772280603361017 2.89616084005663 2.97595898635522
0.163190071325571 0.0703260143356563 2.89268996555842 2.97475079772779
0.169696388317409 0.0783117244645462 2.89638571820735 2.97656085577095
0.184483983379422 0.0834127431849145 2.89819173157625 2.98134605163946
0.174466422469187 0.0754113932010264 2.89972723171156 2.9782889133488
0.154590333400109 0.076045984490851 2.89343973432348 2.97179569742158
0.171086718863603 0.0777099224707398 2.90033870270154 2.97702514177612
0.187370481798312 0.0813952626336825 2.90412228594772 2.98205867547527
0.171086718863603 0.0777099224707398 2.90033870270154 2.97702514177612
0.154590333400109 0.076045984490851 2.89343973432348 2.97179569742158
0.163190071325571 0.0703260143356563 2.89268996555842 2.97475079772779
0.171722881407148 0.0805727132576023 2.89966977927431 2.97683219839275
0.169696388317409 0.0783117244645462 2.89638571820735 2.97656085577095
0.187370481798312 0.0813952626336825 2.90412228594772 2.98205867547527
0.166821452165616 0.0772280603361017 2.89616084005663 2.97595898635522
0.184483983379422 0.0834127431849145 2.89819173157625 2.98134605163946
0.175038359279564 0.0783577638299185 2.89595352240328 2.97851793863156
0.174466422469187 0.0754113932010264 2.89972723171156 2.9782889133488
0.166821452165616 0.0772280603361017 2.89616084005663 2.97595898635522
0.171722881407148 0.0805727132576023 2.89966977927431 2.97683219839275
0.187370481798312 0.0813952626336825 2.90412228594772 2.98205867547527
0.169696388317409 0.0783117244645462 2.89638571820735 2.97656085577095
0.174466422469187 0.0754113932010264 2.89972723171156 2.9782889133488
0.163190071325571 0.0703260143356563 2.89268996555842 2.97475079772779
0.184483983379422 0.0834127431849145 2.89819173157625 2.98134605163946
0.154590333400109 0.076045984490851 2.89343973432348 2.97179569742158
0.171086718863603 0.0777099224707398 2.90033870270154 2.97702514177612
0.175038359279564 0.0783577638299185 2.89595352240328 2.97851793863156
0.169696388317409 0.0783117244645462 2.89638571820735 2.97656085577095
0.166821452165616 0.0772280603361017 2.89616084005663 2.97595898635522
0.154590333400109 0.076045984490851 2.89343973432348 2.97179569742158
0.184483983379422 0.0834127431849145 2.89819173157625 2.98134605163946
0.171086718863603 0.0777099224707398 2.90033870270154 2.97702514177612
0.187370481798312 0.0813952626336825 2.90412228594772 2.98205867547527
0.171722881407148 0.0805727132576023 2.89966977927431 2.97683219839275
0.163190071325571 0.0703260143356563 2.89268996555842 2.97475079772779
0.175038359279564 0.0783577638299185 2.89595352240328 2.97851793863156
0.174466422469187 0.0754113932010264 2.89972723171156 2.9782889133488
0.174466422469187 0.0754113932010264 2.89972723171156 2.9782889133488
0.169696388317409 0.0783117244645462 2.89638571820735 2.97656085577095
0.184483983379422 0.0834127431849145 2.89819173157625 2.98134605163946
0.166821452165616 0.0772280603361017 2.89616084005663 2.97595898635522
0.163190071325571 0.0703260143356563 2.89268996555842 2.97475079772779
0.175038359279564 0.0783577638299185 2.89595352240328 2.97851793863156
0.171086718863603 0.0777099224707398 2.90033870270154 2.97702514177612
0.171722881407148 0.0805727132576023 2.89966977927431 2.97683219839275
0.154590333400109 0.076045984490851 2.89343973432348 2.97179569742158
0.187370481798312 0.0813952626336825 2.90412228594772 2.98205867547527
0.175038359279564 0.0783577638299185 2.89595352240328 2.97851793863156
0.169696388317409 0.0783117244645462 2.89638571820735 2.97656085577095
0.184483983379422 0.0834127431849145 2.89819173157625 2.98134605163946
0.163190071325571 0.0703260143356563 2.89268996555842 2.97475079772779
0.171086718863603 0.0777099224707398 2.90033870270154 2.97702514177612
0.166821452165616 0.0772280603361017 2.89616084005663 2.97595898635522
0.187370481798312 0.0813952626336825 2.90412228594772 2.98205867547527
0.154590333400109 0.076045984490851 2.89343973432348 2.97179569742158
0.171722881407148 0.0805727132576023 2.89966977927431 2.97683219839275
0.174466422469187 0.0754113932010264 2.89972723171156 2.9782889133488
0.169696388317409 0.0783117244645462 2.89638571820735 2.97656085577095
0.187370481798312 0.0813952626336825 2.90412228594772 2.98205867547527
0.163190071325571 0.0703260143356563 2.89268996555842 2.97475079772779
0.171722881407148 0.0805727132576023 2.89966977927431 2.97683219839275
0.184483983379422 0.0834127431849145 2.89819173157625 2.98134605163946
0.174466422469187 0.0754113932010264 2.89972723171156 2.9782889133488
0.171086718863603 0.0777099224707398 2.90033870270154 2.97702514177612
0.166821452165616 0.0772280603361017 2.89616084005663 2.97595898635522
0.154590333400109 0.076045984490851 2.89343973432348 2.97179569742158
0.175038359279564 0.0783577638299185 2.89595352240328 2.97851793863156
0.174466422469187 0.0754113932010264 2.89972723171156 2.9782889133488
0.163190071325571 0.0703260143356563 2.89268996555842 2.97475079772779
0.154590333400109 0.076045984490851 2.89343973432348 2.97179569742158
0.171086718863603 0.0777099224707398 2.90033870270154 2.97702514177612
0.171722881407148 0.0805727132576023 2.89966977927431 2.97683219839275
0.166821452165616 0.0772280603361017 2.89616084005663 2.97595898635522
0.187370481798312 0.0813952626336825 2.90412228594772 2.98205867547527
0.184483983379422 0.0834127431849145 2.89819173157625 2.98134605163946
0.175038359279564 0.0783577638299185 2.89595352240328 2.97851793863156
0.169696388317409 0.0783117244645462 2.89638571820735 2.97656085577095
0.184483983379422 0.0834127431849145 2.89819173157625 2.98134605163946
0.175038359279564 0.0783577638299185 2.89595352240328 2.97851793863156
0.166821452165616 0.0772280603361017 2.89616084005663 2.97595898635522
0.169696388317409 0.0783117244645462 2.89638571820735 2.97656085577095
0.154590333400109 0.076045984490851 2.89343973432348 2.97179569742158
0.171722881407148 0.0805727132576023 2.89966977927431 2.97683219839275
0.171086718863603 0.0777099224707398 2.90033870270154 2.97702514177612
0.187370481798312 0.0813952626336825 2.90412228594772 2.98205867547527
0.163190071325571 0.0703260143356563 2.89268996555842 2.97475079772779
0.174466422469187 0.0754113932010264 2.89972723171156 2.9782889133488
0.171086718863603 0.0777099224707398 2.90033870270154 2.97702514177612
0.154590333400109 0.076045984490851 2.89343973432348 2.97179569742158
0.171722881407148 0.0805727132576023 2.89966977927431 2.97683219839275
0.163190071325571 0.0703260143356563 2.89268996555842 2.97475079772779
0.166821452165616 0.0772280603361017 2.89616084005663 2.97595898635522
0.175038359279564 0.0783577638299185 2.89595352240328 2.97851793863156
0.184483983379422 0.0834127431849145 2.89819173157625 2.98134605163946
0.187370481798312 0.0813952626336825 2.90412228594772 2.98205867547527
0.174466422469187 0.0754113932010264 2.89972723171156 2.9782889133488
0.169696388317409 0.0783117244645462 2.89638571820735 2.97656085577095
0.171086718863603 0.0777099224707398 2.90033870270154 2.97702514177612
0.184483983379422 0.0834127431849145 2.89819173157625 2.98134605163946
0.174466422469187 0.0754113932010264 2.89972723171156 2.9782889133488
0.154590333400109 0.076045984490851 2.89343973432348 2.97179569742158
0.169696388317409 0.0783117244645462 2.89638571820735 2.97656085577095
0.187370481798312 0.0813952626336825 2.90412228594772 2.98205867547527
0.175038359279564 0.0783577638299185 2.89595352240328 2.97851793863156
0.171722881407148 0.0805727132576023 2.89966977927431 2.97683219839275
0.166821452165616 0.0772280603361017 2.89616084005663 2.97595898635522
0.163190071325571 0.0703260143356563 2.89268996555842 2.97475079772779
0.171086718863603 0.0777099224707398 2.90033870270154 2.97702514177612
0.171722881407148 0.0805727132576023 2.89966977927431 2.97683219839275
0.166821452165616 0.0772280603361017 2.89616084005663 2.97595898635522
0.169696388317409 0.0783117244645462 2.89638571820735 2.97656085577095
0.184483983379422 0.0834127431849145 2.89819173157625 2.98134605163946
0.174466422469187 0.0754113932010264 2.89972723171156 2.9782889133488
0.175038359279564 0.0783577638299185 2.89595352240328 2.97851793863156
0.154590333400109 0.076045984490851 2.89343973432348 2.97179569742158
0.187370481798312 0.0813952626336825 2.90412228594772 2.98205867547527
0.163190071325571 0.0703260143356563 2.89268996555842 2.97475079772779
0.184483983379422 0.0834127431849145 2.89819173157625 2.98134605163946
0.187370481798312 0.0813952626336825 2.90412228594772 2.98205867547527
0.171086718863603 0.0777099224707398 2.90033870270154 2.97702514177612
0.171722881407148 0.0805727132576023 2.89966977927431 2.97683219839275
0.166821452165616 0.0772280603361017 2.89616084005663 2.97595898635522
0.163190071325571 0.0703260143356563 2.89268996555842 2.97475079772779
0.169696388317409 0.0783117244645462 2.89638571820735 2.97656085577095
0.174466422469187 0.0754113932010264 2.89972723171156 2.9782889133488
0.175038359279564 0.0783577638299185 2.89595352240328 2.97851793863156
0.154590333400109 0.076045984490851 2.89343973432348 2.97179569742158
0.154590333400109 0.076045984490851 2.89343973432348 2.97179569742158
0.171722881407148 0.0805727132576023 2.89966977927431 2.97683219839275
0.163190071325571 0.0703260143356563 2.89268996555842 2.97475079772779
0.175038359279564 0.0783577638299185 2.89595352240328 2.97851793863156
0.184483983379422 0.0834127431849145 2.89819173157625 2.98134605163946
0.171086718863603 0.0777099224707398 2.90033870270154 2.97702514177612
0.187370481798312 0.0813952626336825 2.90412228594772 2.98205867547527
0.166821452165616 0.0772280603361017 2.89616084005663 2.97595898635522
0.174466422469187 0.0754113932010264 2.89972723171156 2.9782889133488
0.169696388317409 0.0783117244645462 2.89638571820735 2.97656085577095
0.154590333400109 0.076045984490851 2.89343973432348 2.97179569742158
0.184483983379422 0.0834127431849145 2.89819173157625 2.98134605163946
0.171086718863603 0.0777099224707398 2.90033870270154 2.97702514177612
0.187370481798312 0.0813952626336825 2.90412228594772 2.98205867547527
0.166821452165616 0.0772280603361017 2.89616084005663 2.97595898635522
0.169696388317409 0.0783117244645462 2.89638571820735 2.97656085577095
0.171722881407148 0.0805727132576023 2.89966977927431 2.97683219839275
0.174466422469187 0.0754113932010264 2.89972723171156 2.9782889133488
0.163190071325571 0.0703260143356563 2.89268996555842 2.97475079772779
0.175038359279564 0.0783577638299185 2.89595352240328 2.97851793863156
0.174466422469187 0.0754113932010264 2.89972723171156 2.9782889133488
0.163190071325571 0.0703260143356563 2.89268996555842 2.97475079772779
0.154590333400109 0.076045984490851 2.89343973432348 2.97179569742158
0.187370481798312 0.0813952626336825 2.90412228594772 2.98205867547527
0.169696388317409 0.0783117244645462 2.89638571820735 2.97656085577095
0.166821452165616 0.0772280603361017 2.89616084005663 2.97595898635522
0.171086718863603 0.0777099224707398 2.90033870270154 2.97702514177612
0.175038359279564 0.0783577638299185 2.89595352240328 2.97851793863156
0.171722881407148 0.0805727132576023 2.89966977927431 2.97683219839275
0.184483983379422 0.0834127431849145 2.89819173157625 2.98134605163946
0.166821452165616 0.0772280603361017 2.89616084005663 2.97595898635522
0.175038359279564 0.0783577638299185 2.89595352240328 2.97851793863156
0.174466422469187 0.0754113932010264 2.89972723171156 2.9782889133488
0.169696388317409 0.0783117244645462 2.89638571820735 2.97656085577095
0.171086718863603 0.0777099224707398 2.90033870270154 2.97702514177612
0.171722881407148 0.0805727132576023 2.89966977927431 2.97683219839275
0.184483983379422 0.0834127431849145 2.89819173157625 2.98134605163946
0.163190071325571 0.0703260143356563 2.89268996555842 2.97475079772779
0.187370481798312 0.0813952626336825 2.90412228594772 2.98205867547527
0.154590333400109 0.076045984490851 2.89343973432348 2.97179569742158
0.169696388317409 0.0783117244645462 2.89638571820735 2.97656085577095
0.154590333400109 0.076045984490851 2.89343973432348 2.97179569742158
0.187370481798312 0.0813952626336825 2.90412228594772 2.98205867547527
0.175038359279564 0.0783577638299185 2.89595352240328 2.97851793863156
0.166821452165616 0.0772280603361017 2.89616084005663 2.97595898635522
0.184483983379422 0.0834127431849145 2.89819173157625 2.98134605163946
0.171086718863603 0.0777099224707398 2.90033870270154 2.97702514177612
0.171722881407148 0.0805727132576023 2.89966977927431 2.97683219839275
0.174466422469187 0.0754113932010264 2.89972723171156 2.9782889133488
0.163190071325571 0.0703260143356563 2.89268996555842 2.97475079772779
0.174466422469187 0.0754113932010264 2.89972723171156 2.9782889133488
0.175038359279564 0.0783577638299185 2.89595352240328 2.97851793863156
0.169696388317409 0.0783117244645462 2.89638571820735 2.97656085577095
0.184483983379422 0.0834127431849145 2.89819173157625 2.98134605163946
0.166821452165616 0.0772280603361017 2.89616084005663 2.97595898635522
0.171722881407148 0.0805727132576023 2.89966977927431 2.97683219839275
0.154590333400109 0.076045984490851 2.89343973432348 2.97179569742158
0.187370481798312 0.0813952626336825 2.90412228594772 2.98205867547527
0.171086718863603 0.0777099224707398 2.90033870270154 2.97702514177612
0.163190071325571 0.0703260143356563 2.89268996555842 2.97475079772779
