0.13789614693428 0.0856787479770188 2.89348012804854 2.97289852865699
0.147721358319202 0.079638110138308 2.89594900380204 2.97619161830166
0.160897062843064 0.0913402361192153 2.90193881628408 2.98079869020043
0.171537479730159 0.0830938710836446 2.90668498392471 2.98453252769467
0.145597079040849 0.0858282885071704 2.89538292074777 2.97511229504282
0.152840573006157 0.0761043340562948 2.89915028954946 2.97753276474064
0.150191402138853 0.0889353819396433 2.89821674343402 2.9768002000703
0.144999495320442 0.0866565149202523 2.89636112172401 2.97548766234751
0.138899554814701 0.0870521313538291 2.89635797618238 2.97315890835775
0.147263065368622 0.0831137047929641 2.89826599102903 2.97621665839966
0.147263065368622 0.0831137047929641 2.89826599102903 2.97621665839966
0.160897062843064 0.0913402361192153 2.90193881628408 2.98079869020043
0.147721358319202 0.079638110138308 2.89594900380204 2.97619161830166
0.145597079040849 0.0858282885071704 2.89538292074777 2.97511229504282
0.150191402138853 0.0889353819396433 2.89821674343402 2.9768002000703
0.171537479730159 0.0830938710836446 2.90668498392471 2.98453252769467
0.144999495320442 0.0866565149202523 2.89636112172401 2.97548766234751
0.13789614693428 0.0856787479770188 2.89348012804854 2.97289852865699
0.138899554814701 0.0870521313538291 2.89635797618238 2.97315890835775
0.152840573006157 0.0761043340562948 2.89915028954946 2.97753276474064
0.144999495320442 0.0866565149202523 2.89636112172401 2.97548766234751
0.147263065368622 0.0831137047929641 2.89826599102903 2.97621665839966
0.13789614693428 0.0856787479770188 2.89348012804854 2.97289852865699
0.171537479730159 0.0830938710836446 2.90668498392471 2.98453252769467
0.145597079040849 0.0858282885071704 2.89538292074777 2.97511229504282
0.152840573006157 0.0761043340562948 2.89915028954946 2.97753276474064
0.138899554814701 0.0870521313538291 2.89635797618238 2.97315890835775
0.150191402138853 0.0889353819396433 2.89821674343402 2.9768002000703
0.147721358319202 0.079638110138308 2.89594900380204 2.97619161830166
0.160897062843064 0.0913402361192153 2.90193881628408 2.98079869020043
0.145597079040849 0.0858282885071704 2.89538292074777 2.97511229504282
0.152840573006157 0.0761043340562948 2.89915028954946 2.97753276474064
0.160897062843064 0.0913402361192153 2.90193881628408 2.98079869020043
0.147721358319202 0.079638110138308 2.89594900380204 2.97619161830166
0.171537479730159 0.0830938710836446 2.90668498392471 2.98453252769467
0.147263065368622 0.0831137047929641 2.89826599102903 2.97621665839966
0.13789614693428 0.0856787479770188 2.89348012804854 2.97289852865699
0.150191402138853 0.0889353819396433 2.89821674343402 2.9768002000703
0.144999495320442 0.0866565149202523 2.89636112172401 2.97548766234751
0.138899554814701 0.0870521313538291 2.89635797618238 2.97315890835775
0.13789614693428 0.0856787479770188 2.89348012804854 2.97289852865699
0.152840573006157 0.0761043340562948 2.89915028954946 2.97753276474064
0.147721358319202 0.079638110138308 2.89594900380204 2.97619161830166
0.145597079040849 0.0858282885071704 2.89538292074777 2.97511229504282
0.171537479730159 0.0830938710836446 2.90668498392471 2.98453252769467
0.160897062843064 0.0913402361192153 2.90193881628408 2.98079869020043
0.150191402138853 0.0889353819396433 2.89821674343402 2.9768002000703
0.144999495320442 0.0866565149202523 2.89636112172401 2.97548766234751
0.138899554814701 0.0870521313538291 2.89635797618238 2.97315890835775
0.147263065368622 0.0831137047929641 2.89826599102903 2.97621665839966
0.13789614693428 0.0856787479770188 2.89348012804854 2.97289852865699
0.145597079040849 0.0858282885071704 2.89538292074777 2.97511229504282
0.144999495320442 0.0866565149202523 2.89636112172401 2.97548766234751
0.147263065368622 0.0831137047929641 2.89826599102903 2.97621665839966
0.152840573006157 0.0761043340562948 2.89915028954946 2.97753276474064
0.160897062843064 0.0913402361192153 2.90193881628408 2.98079869020043
0.171537479730159 0.0830938710836446 2.90668498392471 2.98453252769467
0.147721358319202 0.079638110138308 2.89594900380204 2.97619161830166
0.150191402138853 0.0889353819396433 2.89821674343402 2.9768002000703
0.138899554814701 0.0870521313538291 2.89635797618238 2.97315890835775
0.150191402138853 0.0889353819396433 2.89821674343402 2.9768002000703
0.13789614693428 0.0856787479770188 2.89348012804854 2.97289852865699
0.160897062843064 0.0913402361192153 2.90193881628408 2.98079869020043
0.152840573006157 0.0761043340562948 2.89915028954946 2.97753276474064
0.147263065368622 0.0831137047929641 2.89826599102903 2.97621665839966
0.138899554814701 0.0870521313538291 2.89635797618238 2.97315890835775
0.145597079040849 0.0858282885071704 2.89538292074777 2.97511229504282
0.144999495320442 0.0866565149202523 2.89636112172401 2.97548766234751
0.171537479730159 0.0830938710836446 2.90668498392471 2.98453252769467
0.147721358319202 0.079638110138308 2.89594900380204 2.97619161830166
0.145597079040849 0.0858282885071704 2.89538292074777 2.97511229504282
0.147721358319202 0.079638110138308 2.89594900380204 2.97619161830166
0.152840573006157 0.0761043340562948 2.89915028954946 2.97753276474064
0.160897062843064 0.0913402361192153 2.90193881628408 2.98079869020043
0.171537479730159 0.0830938710836446 2.90668498392471 2.98453252769467
0.147263065368622 0.0831137047929641 2.89826599102903 2.97621665839966
0.13789614693428 0.0856787479770188 2.89348012804854 2.97289852865699
0.144999495320442 0.0866565149202523 2.89636112172401 2.97548766234751
0.150191402138853 0.0889353819396433 2.89821674343402 2.9768002000703
0.138899554814701 0.0870521313538291 2.89635797618238 2.97315890835775
0.152840573006157 0.0761043340562948 2.89915028954946 2.97753276474064
0.13789614693428 0.0856787479770188 2.89348012804854 2.97289852865699
0.147263065368622 0.0831137047929641 2.89826599102903 2.97621665839966
0.138899554814701 0.0870521313538291 2.89635797618238 2.97315890835775
0.160897062843064 0.0913402361192153 2.90193881628408 2.98079869020043
0.145597079040849 0.0858282885071704 2.89538292074777 2.97511229504282
0.171537479730159 0.0830938710836446 2.90668498392471 2.98453252769467
0.144999495320442 0.0866565149202523 2.89636112172401 2.97548766234751
0.147721358319202 0.079638110138308 2.89594900380204 2.97619161830166
0.150191402138853 0.0889353819396433 2.89821674343402 2.9768002000703
0.138899554814701 0.0870521313538291 2.89635797618238 2.97315890835775
0.160897062843064 0.0913402361192153 2.90193881628408 2.98079869020043
0.147721358319202 0.079638110138308 2.89594900380204 2.97619161830166
0.13789614693428 0.0856787479770188 2.89348012804854 2.97289852865699
0.150191402138853 0.0889353819396433 2.89821674343402 2.9768002000703
0.144999495320442 0.0866565149202523 2.89636112172401 2.97548766234751
0.147263065368622 0.0831137047929641 2.89826599102903 2.97621665839966
0.152840573006157 0.0761043340562948 2.89915028954946 2.97753276474064
0.171537479730159 0.0830938710836446 2.90668498392471 2.98453252769467
0.145597079040849 0.0858282885071704 2.89538292074777 2.97511229504282
0.171537479730159 0.0830938710836446 2.90668498392471 2.98453252769467
0.147263065368622 0.0831137047929641 2.89826599102903 2.97621665839966
0.13789614693428 0.0856787479770188 2.89348012804854 2.97289852865699
0.152840573006157 0.0761043340562948 2.89915028954946 2.97753276474064
0.144999495320442 0.0866565149202523 2.89636112172401 2.97548766234751
0.147721358319202 0.079638110138308 2.89594900380204 2.97619161830166
0.138899554814701 0.0870521313538291 2.89635797618238 2.97315890835775
0.150191402138853 0.0889353819396433 2.89821674343402 2.9768002000703
0.145597079040849 0.0858282885071704 2.89538292074777 2.97511229504282
0.160897062843064 0.0913402361192153 2.90193881628408 2.98079869020043
0.171537479730159 0.0830938710836446 2.90668498392471 2.98453252769467
0.13789614693428 0.0856787479770188 2.89348012804854 2.97289852865699
0.147263065368622 0.0831137047929641 2.89826599102903 2.97621665839966
0.150191402138853 0.0889353819396433 2.89821674343402 2.9768002000703
0.147721358319202 0.079638110138308 2.89594900380204 2.97619161830166
0.145597079040849 0.0858282885071704 2.89538292074777 2.97511229504282
0.138899554814701 0.0870521313538291 2.89635797618238 2.97315890835775
0.152840573006157 0.0761043340562948 2.89915028954946 2.97753276474064
0.144999495320442 0.0866565149202523 2.89636112172401 2.97548766234751
0.160897062843064 0.0913402361192153 2.90193881628408 2.98079869020043
0.150191402138853 0.0889353819396433 2.89821674343402 2.9768002000703
0.147263065368622 0.0831137047929641 2.89826599102903 2.97621665839966
0.171537479730159 0.0830938710836446 2.90668498392471 2.98453252769467
0.13789614693428 0.0856787479770188 2.89348012804854 2.97289852865699
0.160897062843064 0.0913402361192153 2.90193881628408 2.98079869020043
0.144999495320442 0.0866565149202523 2.89636112172401 2.97548766234751
0.138899554814701 0.0870521313538291 2.89635797618238 2.97315890835775
0.152840573006157 0.0761043340562948 2.89915028954946 2.97753276474064
0.147721358319202 0.079638110138308 2.89594900380204 2.97619161830166
0.145597079040849 0.0858282885071704 2.89538292074777 2.97511229504282
0.138899554814701 0.0870521313538291 2.89635797618238 2.97315890835775
0.13789614693428 0.0856787479770188 2.89348012804854 2.97289852865699
0.147721358319202 0.079638110138308 2.89594900380204 2.97619161830166
0.145597079040849 0.0858282885071704 2.89538292074777 2.97511229504282
0.160897062843064 0.0913402361192153 2.90193881628408 2.98079869020043
0.144999495320442 0.0866565149202523 2.89636112172401 2.97548766234751
0.150191402138853 0.0889353819396433 2.89821674343402 2.9768002000703
0.152840573006157 0.0761043340562948 2.89915028954946 2.97753276474064
0.171537479730159 0.0830938710836446 2.90668498392471 2.98453252769467
0.147263065368622 0.0831137047929641 2.89826599102903 2.97621665839966
0.147721358319202 0.079638110138308 2.89594900380204 2.97619161830166
0.160897062843064 0.0913402361192153 2.90193881628408 2.98079869020043
0.138899554814701 0.0870521313538291 2.89635797618238 2.97315890835775
0.152840573006157 0.0761043340562948 2.89915028954946 2.97753276474064
0.145597079040849 0.0858282885071704 2.89538292074777 2.97511229504282
0.144999495320442 0.0866565149202523 2.89636112172401 2.97548766234751
0.147263065368622 0.0831137047929641 2.89826599102903 2.97621665839966
0.171537479730159 0.0830938710836446 2.90668498392471 2.98453252769467
0.150191402138853 0.0889353819396433 2.89821674343402 2.9768002000703
0.13789614693428 0.0856787479770188 2.89348012804854 2.97289852865699
0.145597079040849 0.0858282885071704 2.89538292074777 2.97511229504282
0.150191402138853 0.0889353819396433 2.89821674343402 2.9768002000703
0.152840573006157 0.0761043340562948 2.89915028954946 2.97753276474064
0.171537479730159 0.0830938710836446 2.90668498392471 2.98453252769467
0.13789614693428 0.0856787479770188 2.89348012804854 2.97289852865699
0.147263065368622 0.0831137047929641 2.89826599102903 2.97621665839966
0.138899554814701 0.0870521313538291 2.89635797618238 2.97315890835775
0.160897062843064 0.0913402361192153 2.90193881628408 2.98079869020043
0.144999495320442 0.0866565149202523 2.89636112172401 2.97548766234751
0.147721358319202 0.079638110138308 2.89594900380204 2.97619161830166
0.150191402138853 0.0889353819396433 2.89821674343402 2.9768002000703
0.171537479730159 0.0830938710836446 2.90668498392471 2.98453252769467
0.144999495320442 0.0866565149202523 2.89636112172401 2.97548766234751
0.138899554814701 0.0870521313538291 2.89635797618238 2.97315890835775
0.147721358319202 0.079638110138308 2.89594900380204 2.97619161830166
0.13789614693428 0.0856787479770188 2.89348012804854 2.97289852865699
0.160897062843064 0.0913402361192153 2.90193881628408 2.98079869020043
0.145597079040849 0.0858282885071704 2.89538292074777 2.97511229504282
0.147263065368622 0.0831137047929641 2.89826599102903 2.97621665839966
0.152840573006157 0.0761043340562948 2.89915028954946 2.97753276474064
0.147721358319202 0.079638110138308 2.89594900380204 2.97619161830166
0.13789614693428 0.0856787479770188 2.89348012804854 2.97289852865699
0.150191402138853 0.0889353819396433 2.89821674343402 2.9768002000703
0.144999495320442 0.0866565149202523 2.89636112172401 2.97548766234751
0.152840573006157 0.0761043340562948 2.89915028954946 2.97753276474064
0.147263065368622 0.0831137047929641 2.89826599102903 2.97621665839966
0.145597079040849 0.0858282885071704 2.89538292074777 2.97511229504282
0.138899554814701 0.0870521313538291 2.89635797618238 2.97315890835775
0.160897062843064 0.0913402361192153 2.90193881628408 2.98079869020043
0.171537479730159 0.0830938710836446 2.90668498392471 2.98453252769467
0.160897062843064 0.0913402361192153 2.90193881628408 2.98079869020043
0.147263065368622 0.0831137047929641 2.89826599102903 2.97621665839966
0.144999495320442 0.0866565149202523 2.89636112172401 2.97548766234751
0.13789614693428 0.0856787479770188 2.89348012804854 2.97289852865699
0.138899554814701 0.0870521313538291 2.89635797618238 2.97315890835775
0.147721358319202 0.079638110138308 2.89594900380204 2.97619161830166
0.152840573006157 0.0761043340562948 2.89915028954946 2.97753276474064
0.171537479730159 0.0830938710836446 2.90668498392471 2.98453252769467
0.150191402138853 0.0889353819396433 2.89821674343402 2.9768002000703
0.145597079040849 0.0858282885071704 2.89538292074777 2.97511229504282
0.144999495320442 0.0866565149202523 2.89636112172401 2.97548766234751
0.147263065368622 0.0831137047929641 2.89826599102903 2.97621665839966
0.160897062843064 0.0913402361192153 2.90193881628408 2.98079869020043
0.145597079040849 0.0858282885071704 2.89538292074777 2.97511229504282
0.150191402138853 0.0889353819396433 2.89821674343402 2.9768002000703
0.171537479730159 0.0830938710836446 2.90668498392471 2.98453252769467
0.147721358319202 0.079638110138308 2.89594900380204 2.97619161830166
0.138899554814701 0.0870521313538291 2.89635797618238 2.97315890835775
0.13789614693428 0.0856787479770188 2.89348012804854 2.97289852865699
0.152840573006157 0.0761043340562948 2.89915028954946 2.97753276474064
0.144999495320442 0.0866565149202523 2.89636112172401 2.97548766234751
0.13789614693428 0.0856787479770188 2.89348012804854 2.97289852865699
0.152840573006157 0.0761043340562948 2.89915028954946 2.97753276474064
0.147721358319202 0.079638110138308 2.89594900380204 2.97619161830166
0.138899554814701 0.0870521313538291 2.89635797618238 2.97315890835775
0.147263065368622 0.0831137047929641 2.89826599102903 2.97621665839966
0.150191402138853 0.0889353819396433 2.89821674343402 2.9768002000703
0.171537479730159 0.0830938710836446 2.90668498392471 2.98453252769467
0.160897062843064 0.0913402361192153 2.90193881628408 2.98079869020043
0.145597079040849 0.0858282885071704 2.89538292074777 2.97511229504282
0.13789614693428 0.0856787479770188 2.89348012804854 2.97289852865699
0.147721358319202 0.079638110138308 2.89594900380204 2.97619161830166
0.152840573006157 0.0761043340562948 2.89915028954946 2.97753276474064
0.138899554814701 0.0870521313538291 2.89635797618238 2.97315890835775
0.145597079040849 0.0858282885071704 2.89538292074777 2.97511229504282
0.150191402138853 0.0889353819396433 2.89821674343402 2.9768002000703
0.160897062843064 0.0913402361192153 2.90193881628408 2.98079869020043
0.147263065368622 0.0831137047929641 2.89826599102903 2.97621665839966
0.144999495320442 0.0866565149202523 2.89636112172401 2.97548766234751
0.171537479730159 0.0830938710836446 2.90668498392471 2.98453252769467
0.144999495320442 0.0866565149202523 2.89636112172401 2.97548766234751
0.138899554814701 0.0870521313538291 2.89635797618238 2.97315890835775
0.150191402138853 0.0889353819396433 2.89821674343402 2.9768002000703
0.13789614693428 0.0856787479770188 2.89348012804854 2.97289852865699
0.147721358319202 0.079638110138308 2.89594900380204 2.97619161830166
0.171537479730159 0.0830938710836446 2.90668498392471 2.98453252769467
0.147263065368622 0.0831137047929641 2.89826599102903 2.97621665839966
0.152840573006157 0.0761043340562948 2.89915028954946 2.97753276474064
0.160897062843064 0.0913402361192153 2.90193881628408 2.98079869020043
0.145597079040849 0.0858282885071704 2.89538292074777 2.97511229504282
0.171537479730159 0.0830938710836446 2.90668498392471 2.98453252769467
0.160897062843064 0.0913402361192153 2.90193881628408 2.98079869020043
0.138899554814701 0.0870521313538291 2.89635797618238 2.97315890835775
0.145597079040849 0.0858282885071704 2.89538292074777 2.97511229504282
0.152840573006157 0.0761043340562948 2.89915028954946 2.97753276474064
0.144999495320442 0.0866565149202523 2.89636112172401 2.97548766234751
0.147263065368622 0.0831137047929641 2.89826599102903 2.97621665839966
0.13789614693428 0.0856787479770188 2.89348012804854 2.97289852865699
0.147721358319202 0.079638110138308 2.89594900380204 2.97619161830166
0.150191402138853 0.0889353819396433 2.89821674343402 2.9768002000703
0.145597079040849 0.0858282885071704 2.89538292074777 2.97511229504282
0.147721358319202 0.079638110138308 2.89594900380204 2.97619161830166
0.144999495320442 0.0866565149202523 2.89636112172401 2.97548766234751
0.13789614693428 0.0856787479770188 2.89348012804854 2.97289852865699
0.160897062843064 0.0913402361192153 2.90193881628408 2.98079869020043
0.171537479730159 0.0830938710836446 2.90668498392471 2.98453252769467
0.147263065368622 0.0831137047929641 2.89826599102903 2.97621665839966
0.138899554814701 0.0870521313538291 2.89635797618238 2.97315890835775
0.150191402138853 0.0889353819396433 2.89821674343402 2.9768002000703
0.152840573006157 0.0761043340562948 2.89915028954946 2.97753276474064
0.138899554814701 0.0870521313538291 2.89635797618238 2.97315890835775
0.145597079040849 0.0858282885071704 2.89538292074777 2.97511229504282
0.152840573006157 0.0761043340562948 2.89915028954946 2.97753276474064
0.144999495320442 0.0866565149202523 2.89636112172401 2.97548766234751
0.13789614693428 0.0856787479770188 2.89348012804854 2.97289852865699
0.147263065368622 0.0831137047929641 2.89826599102903 2.97621665839966
0.160897062843064 0.0913402361192153 2.90193881628408 2.98079869020043
0.171537479730159 0.0830938710836446 2.90668498392471 2.98453252769467
0.150191402138853 0.0889353819396433 2.89821674343402 2.9768002000703
0.147721358319202 0.079638110138308 2.89594900380204 2.97619161830166
0.160897062843064 0.0913402361192153 2.90193881628408 2.98079869020043
0.150191402138853 0.0889353819396433 2.89821674343402 2.9768002000703
0.152840573006157 0.0761043340562948 2.89915028954946 2.97753276474064
0.145597079040849 0.0858282885071704 2.89538292074777 2.97511229504282
0.13789614693428 0.0856787479770188 2.89348012804854 2.97289852865699
0.147721358319202 0.079638110138308 2.89594900380204 2.97619161830166
0.138899554814701 0.0870521313538291 2.89635797618238 2.97315890835775
0.171537479730159 0.0830938710836446 2.90668498392471 2.98453252769467
0.144999495320442 0.0866565149202523 2.89636112172401 2.97548766234751
0.147263065368622 0.0831137047929641 2.89826599102903 2.97621665839966
0.145597079040849 0.0858282885071704 2.89538292074777 2.97511229504282
0.147263065368622 0.0831137047929641 2.89826599102903 2.97621665839966
0.160897062843064 0.0913402361192153 2.90193881628408 2.98079869020043
0.13789614693428 0.0856787479770188 2.89348012804854 2.97289852865699
0.147721358319202 0.079638110138308 2.89594900380204 2.97619161830166
0.144999495320442 0.0866565149202523 2.89636112172401 2.97548766234751
0.138899554814701 0.0870521313538291 2.89635797618238 2.97315890835775
0.150191402138853 0.0889353819396433 2.89821674343402 2.9768002000703
0.171537479730159 0.0830938710836446 2.90668498392471 2.98453252769467
0.152840573006157 0.0761043340562948 2.89915028954946 2.97753276474064
0.171537479730159 0.0830938710836446 2.90668498392471 2.98453252769467
0.160897062843064 0.0913402361192153 2.90193881628408 2.98079869020043
0.147263065368622 0.0831137047929641 2.89826599102903 2.97621665839966
0.150191402138853 0.0889353819396433 2.89821674343402 2.9768002000703
0.138899554814701 0.0870521313538291 2.89635797618238 2.97315890835775
0.152840573006157 0.0761043340562948 2.89915028954946 2.97753276474064
0.144999495320442 0.0866565149202523 2.89636112172401 2.97548766234751
0.13789614693428 0.0856787479770188 2.89348012804854 2.97289852865699
0.147721358319202 0.079638110138308 2.89594900380204 2.97619161830166
0.145597079040849 0.0858282885071704 2.89538292074777 2.97511229504282
0.150191402138853 0.0889353819396433 2.89821674343402 2.9768002000703
0.160897062843064 0.0913402361192153 2.90193881628408 2.98079869020043
0.152840573006157 0.0761043340562948 2.89915028954946 2.97753276474064
0.171537479730159 0.0830938710836446 2.90668498392471 2.98453252769467
0.145597079040849 0.0858282885071704 2.89538292074777 2.97511229504282
0.144999495320442 0.0866565149202523 2.89636112172401 2.97548766234751
0.147721358319202 0.079638110138308 2.89594900380204 2.97619161830166
0.147263065368622 0.0831137047929641 2.89826599102903 2.97621665839966
0.138899554814701 0.0870521313538291 2.89635797618238 2.97315890835775
0.13789614693428 0.0856787479770188 2.89348012804854 2.97289852865699
0.152840573006157 0.0761043340562948 2.89915028954946 2.97753276474064
0.145597079040849 0.0858282885071704 2.89538292074777 2.97511229504282
0.171537479730159 0.0830938710836446 2.90668498392471 2.98453252769467
0.144999495320442 0.0866565149202523 2.89636112172401 2.97548766234751
0.138899554814701 0.0870521313538291 2.89635797618238 2.97315890835775
0.150191402138853 0.0889353819396433 2.89821674343402 2.9768002000703
0.147263065368622 0.0831137047929641 2.89826599102903 2.97621665839966
0.147721358319202 0.079638110138308 2.89594900380204 2.97619161830166
0.13789614693428 0.0856787479770188 2.89348012804854 2.97289852865699
0.160897062843064 0.0913402361192153 2.90193881628408 2.98079869020043
0.145597079040849 0.0858282885071704 2.89538292074777 2.97511229504282
0.171537479730159 0.0830938710836446 2.90668498392471 2.98453252769467
0.150191402138853 0.0889353819396433 2.89821674343402 2.9768002000703
0.13789614693428 0.0856787479770188 2.89348012804854 2.97289852865699
0.144999495320442 0.0866565149202523 2.89636112172401 2.97548766234751
0.152840573006157 0.0761043340562948 2.89915028954946 2.97753276474064
0.138899554814701 0.0870521313538291 2.89635797618238 2.97315890835775
0.147263065368622 0.0831137047929641 2.89826599102903 2.97621665839966
0.147721358319202 0.079638110138308 2.89594900380204 2.97619161830166
0.160897062843064 0.0913402361192153 2.90193881628408 2.98079869020043
0.138899554814701 0.0870521313538291 2.89635797618238 2.97315890835775
0.145597079040849 0.0858282885071704 2.89538292074777 2.97511229504282
0.152840573006157 0.0761043340562948 2.89915028954946 2.97753276474064
0.147721358319202 0.079638110138308 2.89594900380204 2.97619161830166
0.144999495320442 0.0866565149202523 2.89636112172401 2.97548766234751
0.171537479730159 0.0830938710836446 2.90668498392471 2.98453252769467
0.160897062843064 0.0913402361192153 2.90193881628408 2.98079869020043
0.150191402138853 0.0889353819396433 2.89821674343402 2.9768002000703
0.13789614693428 0.0856787479770188 2.89348012804854 2.97289852865699
0.147263065368622 0.0831137047929641 2.89826599102903 2.97621665839966
0.145597079040849 0.0858282885071704 2.89538292074777 2.97511229504282
0.13789614693428 0.0856787479770188 2.89348012804854 2.97289852865699
0.160897062843064 0.0913402361192153 2.90193881628408 2.98079869020043
0.144999495320442 0.0866565149202523 2.89636112172401 2.97548766234751
0.152840573006157 0.0761043340562948 2.89915028954946 2.97753276474064
0.147263065368622 0.0831137047929641 2.89826599102903 2.97621665839966
0.150191402138853 0.0889353819396433 2.89821674343402 2.9768002000703
0.147721358319202 0.079638110138308 2.89594900380204 2.97619161830166
0.138899554814701 0.0870521313538291 2.89635797618238 2.97315890835775
0.171537479730159 0.0830938710836446 2.90668498392471 2.98453252769467
0.13789614693428 0.0856787479770188 2.89348012804854 2.97289852865699
0.147263065368622 0.0831137047929641 2.89826599102903 2.97621665839966
0.160897062843064 0.0913402361192153 2.90193881628408 2.98079869020043
0.152840573006157 0.0761043340562948 2.89915028954946 2.97753276474064
0.138899554814701 0.0870521313538291 2.89635797618238 2.97315890835775
0.171537479730159 0.0830938710836446 2.90668498392471 2.98453252769467
0.147721358319202 0.079638110138308 2.89594900380204 2.97619161830166
0.144999495320442 0.0866565149202523 2.89636112172401 2.97548766234751
0.150191402138853 0.0889353819396433 2.89821674343402 2.9768002000703
0.145597079040849 0.0858282885071704 2.89538292074777 2.97511229504282
0.150191402138853 0.0889353819396433 2.89821674343402 2.9768002000703
0.138899554814701 0.0870521313538291 2.89635797618238 2.97315890835775
0.144999495320442 0.0866565149202523 2.89636112172401 2.97548766234751
0.147721358319202 0.079638110138308 2.89594900380204 2.97619161830166
0.145597079040849 0.0858282885071704 2.89538292074777 2.97511229504282
0.13789614693428 0.0856787479770188 2.89348012804854 2.97289852865699
0.152840573006157 0.0761043340562948 2.89915028954946 2.97753276474064
0.160897062843064 0.0913402361192153 2.90193881628408 2.98079869020043
0.171537479730159 0.0830938710836446 2.90668498392471 2.98453252769467
0.147263065368622 0.0831137047929641 2.89826599102903 2.97621665839966
0.144999495320442 0.0866565149202523 2.89636112172401 2.97548766234751
0.13789614693428 0.0856787479770188 2.89348012804854 2.97289852865699
0.160897062843064 0.0913402361192153 2.90193881628408 2.98079869020043
0.171537479730159 0.0830938710836446 2.90668498392471 2.98453252769467
0.152840573006157 0.0761043340562948 2.89915028954946 2.97753276474064
0.138899554814701 0.0870521313538291 2.89635797618238 2.97315890835775
0.147263065368622 0.0831137047929641 2.89826599102903 2.97621665839966
0.147721358319202 0.079638110138308 2.89594900380204 2.97619161830166
0.150191402138853 0.0889353819396433 2.89821674343402 2.9768002000703
0.145597079040849 0.0858282885071704 2.89538292074777 2.97511229504282
0.138899554814701 0.0870521313538291 2.89635797618238 2.97315890835775
0.145597079040849 0.0858282885071704 2.89538292074777 2.97511229504282
0.152840573006157 0.0761043340562948 2.89915028954946 2.97753276474064
0.150191402138853 0.0889353819396433 2.89821674343402 2.9768002000703
0.147263065368622 0.0831137047929641 2.89826599102903 2.97621665839966
0.144999495320442 0.0866565149202523 2.89636112172401 2.97548766234751
0.160897062843064 0.0913402361192153 2.90193881628408 2.98079869020043
0.147721358319202 0.079638110138308 2.89594900380204 2.97619161830166
0.171537479730159 0.0830938710836446 2.90668498392471 2.98453252769467
0.13789614693428 0.0856787479770188 2.89348012804854 2.97289852865699
0.160897062843064 0.0913402361192153 2.90193881628408 2.98079869020043
0.144999495320442 0.0866565149202523 2.89636112172401 2.97548766234751
0.13789614693428 0.0856787479770188 2.89348012804854 2.97289852865699
0.138899554814701 0.0870521313538291 2.89635797618238 2.97315890835775
0.147263065368622 0.0831137047929641 2.89826599102903 2.97621665839966
0.145597079040849 0.0858282885071704 2.89538292074777 2.97511229504282
0.171537479730159 0.0830938710836446 2.90668498392471 2.98453252769467
0.152840573006157 0.0761043340562948 2.89915028954946 2.97753276474064
0.147721358319202 0.079638110138308 2.89594900380204 2.97619161830166
0.150191402138853 0.0889353819396433 2.89821674343402 2.9768002000703
0.152840573006157 0.0761043340562948 2.89915028954946 2.97753276474064
0.171537479730159 0.0830938710836446 2.90668498392471 2.98453252769467
0.138899554814701 0.0870521313538291 2.89635797618238 2.97315890835775
0.147263065368622 0.0831137047929641 2.89826599102903 2.97621665839966
0.13789614693428 0.0856787479770188 2.89348012804854 2.97289852865699
0.145597079040849 0.0858282885071704 2.89538292074777 2.97511229504282
0.147721358319202 0.079638110138308 2.89594900380204 2.97619161830166
0.150191402138853 0.0889353819396433 2.89821674343402 2.9768002000703
0.144999495320442 0.0866565149202523 2.89636112172401 2.97548766234751
0.160897062843064 0.0913402361192153 2.90193881628408 2.98079869020043
0.145597079040849 0.0858282885071704 2.89538292074777 2.97511229504282
0.13789614693428 0.0856787479770188 2.89348012804854 2.97289852865699
0.147721358319202 0.079638110138308 2.89594900380204 2.97619161830166
0.144999495320442 0.0866565149202523 2.89636112172401 2.97548766234751
0.138899554814701 0.0870521313538291 2.89635797618238 2.97315890835775
0.152840573006157 0.0761043340562948 2.89915028954946 2.97753276474064
0.150191402138853 0.0889353819396433 2.89821674343402 2.9768002000703
0.147263065368622 0.0831137047929641 2.89826599102903 2.97621665839966
0.171537479730159 0.0830938710836446 2.90668498392471 2.98453252769467
0.160897062843064 0.0913402361192153 2.90193881628408 2.98079869020043
0.144999495320442 0.0866565149202523 2.89636112172401 2.97548766234751
0.171537479730159 0.0830938710836446 2.90668498392471 2.98453252769467
0.150191402138853 0.0889353819396433 2.89821674343402 2.9768002000703
0.160897062843064 0.0913402361192153 2.90193881628408 2.98079869020043
0.152840573006157 0.0761043340562948 2.89915028954946 2.97753276474064
0.138899554814701 0.0870521313538291 2.89635797618238 2.97315890835775
0.147263065368622 0.0831137047929641 2.89826599102903 2.97621665839966
0.145597079040849 0.0858282885071704 2.89538292074777 2.97511229504282
0.13789614693428 0.0856787479770188 2.89348012804854 2.97289852865699
0.147721358319202 0.079638110138308 2.89594900380204 2.97619161830166
0.152840573006157 0.0761043340562948 2.89915028954946 2.97753276474064
0.145597079040849 0.0858282885071704 2.89538292074777 2.97511229504282
0.144999495320442 0.0866565149202523 2.89636112172401 2.97548766234751
0.150191402138853 0.0889353819396433 2.89821674343402 2.9768002000703
0.147721358319202 0.079638110138308 2.89594900380204 2.97619161830166
0.171537479730159 0.0830938710836446 2.90668498392471 2.98453252769467
0.138899554814701 0.0870521313538291 2.89635797618238 2.97315890835775
0.13789614693428 0.0856787479770188 2.89348012804854 2.97289852865699
0.160897062843064 0.0913402361192153 2.90193881628408 2.98079869020043
0.147263065368622 0.0831137047929641 2.89826599102903 2.97621665839966
0.171537479730159 0.0830938710836446 2.90668498392471 2.98453252769467
0.144999495320442 0.0866565149202523 2.89636112172401 2.97548766234751
0.147263065368622 0.0831137047929641 2.89826599102903 2.97621665839966
0.145597079040849 0.0858282885071704 2.89538292074777 2.97511229504282
0.147721358319202 0.079638110138308 2.89594900380204 2.97619161830166
0.160897062843064 0.0913402361192153 2.90193881628408 2.98079869020043
0.152840573006157 0.0761043340562948 2.89915028954946 2.97753276474064
0.13789614693428 0.0856787479770188 2.89348012804854 2.97289852865699
0.150191402138853 0.0889353819396433 2.89821674343402 2.9768002000703
0.138899554814701 0.0870521313538291 2.89635797618238 2.97315890835775
0.144999495320442 0.0866565149202523 2.89636112172401 2.97548766234751
0.145597079040849 0.0858282885071704 2.89538292074777 2.97511229504282
0.13789614693428 0.0856787479770188 2.89348012804854 2.97289852865699
0.171537479730159 0.0830938710836446 2.90668498392471 2.98453252769467
0.147263065368622 0.0831137047929641 2.89826599102903 2.97621665839966
0.152840573006157 0.0761043340562948 2.89915028954946 2.97753276474064
0.160897062843064 0.0913402361192153 2.90193881628408 2.98079869020043
0.150191402138853 0.0889353819396433 2.89821674343402 2.9768002000703
0.147721358319202 0.079638110138308 2.89594900380204 2.97619161830166
0.138899554814701 0.0870521313538291 2.89635797618238 2.97315890835775
0.138899554814701 0.0870521313538291 2.89635797618238 2.97315890835775
0.147263065368622 0.0831137047929641 2.89826599102903 2.97621665839966
0.150191402138853 0.0889353819396433 2.89821674343402 2.9768002000703
0.171537479730159 0.0830938710836446 2.90668498392471 2.98453252769467
0.152840573006157 0.0761043340562948 2.89915028954946 2.97753276474064
0.160897062843064 0.0913402361192153 2.90193881628408 2.98079869020043
0.145597079040849 0.0858282885071704 2.89538292074777 2.97511229504282
0.13789614693428 0.0856787479770188 2.89348012804854 2.97289852865699
0.144999495320442 0.0866565149202523 2.89636112172401 2.97548766234751
0.147721358319202 0.079638110138308 2.89594900380204 2.97619161830166
0.171537479730159 0.0830938710836446 2.90668498392471 2.98453252769467
0.138899554814701 0.0870521313538291 2.89635797618238 2.97315890835775
0.147263065368622 0.0831137047929641 2.89826599102903 2.97621665839966
0.160897062843064 0.0913402361192153 2.90193881628408 2.98079869020043
0.152840573006157 0.0761043340562948 2.89915028954946 2.97753276474064
0.144999495320442 0.0866565149202523 2.89636112172401 2.97548766234751
0.13789614693428 0.0856787479770188 2.89348012804854 2.97289852865699
0.150191402138853 0.0889353819396433 2.89821674343402 2.9768002000703
0.147721358319202 0.079638110138308 2.89594900380204 2.97619161830166
0.145597079040849 0.0858282885071704 2.89538292074777 2.97511229504282
0.152840573006157 0.0761043340562948 2.89915028954946 2.97753276474064
0.145597079040849 0.0858282885071704 2.89538292074777 2.97511229504282
0.171537479730159 0.0830938710836446 2.90668498392471 2.98453252769467
0.144999495320442 0.0866565149202523 2.89636112172401 2.97548766234751
0.147721358319202 0.079638110138308 2.89594900380204 2.97619161830166
0.138899554814701 0.0870521313538291 2.89635797618238 2.97315890835775
0.150191402138853 0.0889353819396433 2.89821674343402 2.9768002000703
0.147263065368622 0.0831137047929641 2.89826599102903 2.97621665839966
0.160897062843064 0.0913402361192153 2.90193881628408 2.98079869020043
0.13789614693428 0.0856787479770188 2.89348012804854 2.97289852865699
0.152840573006157 0.0761043340562948 2.89915028954946 2.97753276474064
0.171537479730159 0.0830938710836446 2.90668498392471 2.98453252769467
0.145597079040849 0.0858282885071704 2.89538292074777 2.97511229504282
0.13789614693428 0.0856787479770188 2.89348012804854 2.97289852865699
0.144999495320442 0.0866565149202523 2.89636112172401 2.97548766234751
0.147721358319202 0.079638110138308 2.89594900380204 2.97619161830166
0.150191402138853 0.0889353819396433 2.89821674343402 2.9768002000703
0.147263065368622 0.0831137047929641 2.89826599102903 2.97621665839966
0.160897062843064 0.0913402361192153 2.90193881628408 2.98079869020043
0.138899554814701 0.0870521313538291 2.89635797618238 2.97315890835775
0.147721358319202 0.079638110138308 2.89594900380204 2.97619161830166
0.160897062843064 0.0913402361192153 2.90193881628408 2.98079869020043
0.145597079040849 0.0858282885071704 2.89538292074777 2.97511229504282
0.147263065368622 0.0831137047929641 2.89826599102903 2.97621665839966
0.144999495320442 0.0866565149202523 2.89636112172401 2.97548766234751
0.150191402138853 0.0889353819396433 2.89821674343402 2.9768002000703
0.171537479730159 0.0830938710836446 2.90668498392471 2.98453252769467
0.152840573006157 0.0761043340562948 2.89915028954946 2.97753276474064
0.13789614693428 0.0856787479770188 2.89348012804854 2.97289852865699
0.138899554814701 0.0870521313538291 2.89635797618238 2.97315890835775
