5.033446854
5.327864474
5.637736926
5.96366589
6.306251645
6.666089621
7.043766595
7.439856498
7.85491585
8.289478827
8.744051966
9.21910853
9.715082565
10.23236269
10.77128566
11.33212976
11.91510814
12.52036213
13.14795459
13.79786355
14.46997609
15.16408265
15.87987191
16.61692638
17.37471875
18.1526092
18.94984381
19.76555408
20.59875776
21.44836098
22.31316178
23.19185509
24.08303901
24.98522262
25.89683493
26.81623518
27.74172411
28.67155623
29.60395276
30.53711519
31.46923907
32.39852798
33.32320734
34.24153782
35.15182825
36.05244769
36.94183666
37.81851713
38.6811014
39.52829959
40.35892582
41.1719029
41.96626566
42.74116293
43.49585807
44.22972843
44.94226349
45.63306206
46.30182852
46.94836826
47.57258249
48.17446246
48.75408333
49.31159769
49.84722898
50.36126475
50.85405002
51.32598069
51.77749713
52.20907799
52.62123436
53.01450411
53.38944671
53.74663832
54.08666727
54.41012996
54.71762711
55.00976032
55.2871291
55.55032813
55.79994497
56.03655795
56.26073442
56.4730293
56.6739838
56.86412439
57.04396204
57.21399158
57.37469123
57.52652229
57.66992902
57.80533855
57.93316093
58.05378927
58.16759998
58.27495302
58.37619224
58.47164579
58.56162647
58.64643224


