0.173249883377615 0.100010868058922 2.90612007086491 2.98417271358961
0.14319324312303 0.0916898065593476 2.89497638323704 2.97438020230768
0.174834874315504 0.0935406743669465 2.90481622949926 2.98479042085684
0.150526019669115 0.0909833473426851 2.89498232207897 2.97646883873614
0.157263320791404 0.0909155059821573 2.90202950750728 2.97852045035875
0.149849655705638 0.0936827235222208 2.89592366306862 2.97668251196902
0.142227591785793 0.089171693275653 2.89597187733367 2.9739306013163
0.164313420411577 0.0895684765189257 2.90227621569508 2.98115407461142
0.182004757639289 0.0905775433983249 2.90637060974212 2.98672528096347
0.162158837024077 0.0870653912960765 2.90211272046672 2.98005948116074
0.142227591785793 0.089171693275653 2.89597187733367 2.9739306013163
0.164313420411577 0.0895684765189257 2.90227621569508 2.98115407461142
0.149849655705638 0.0936827235222208 2.89592366306862 2.97668251196902
0.157263320791404 0.0909155059821573 2.90202950750728 2.97852045035875
0.14319324312303 0.0916898065593476 2.89497638323704 2.97438020230768
0.162158837024077 0.0870653912960765 2.90211272046672 2.98005948116074
0.174834874315504 0.0935406743669465 2.90481622949926 2.98479042085684
0.173249883377615 0.100010868058922 2.90612007086491 2.98417271358961
0.150526019669115 0.0909833473426851 2.89498232207897 2.97646883873614
0.182004757639289 0.0905775433983249 2.90637060974212 2.98672528096347
0.173249883377615 0.100010868058922 2.90612007086491 2.98417271358961
0.157263320791404 0.0909155059821573 2.90202950750728 2.97852045035875
0.174834874315504 0.0935406743669465 2.90481622949926 2.98479042085684
0.149849655705638 0.0936827235222208 2.89592366306862 2.97668251196902
0.14319324312303 0.0916898065593476 2.89497638323704 2.97438020230768
0.150526019669115 0.0909833473426851 2.89498232207897 2.97646883873614
0.182004757639289 0.0905775433983249 2.90637060974212 2.98672528096347
0.164313420411577 0.0895684765189257 2.90227621569508 2.98115407461142
0.142227591785793 0.089171693275653 2.89597187733367 2.9739306013163
0.162158837024077 0.0870653912960765 2.90211272046672 2.98005948116074
0.174834874315504 0.0935406743669465 2.90481622949926 2.98479042085684
0.162158837024077 0.0870653912960765 2.90211272046672 2.98005948116074
0.142227591785793 0.089171693275653 2.89597187733367 2.9739306013163
0.157263320791404 0.0909155059821573 2.90202950750728 2.97852045035875
0.150526019669115 0.0909833473426851 2.89498232207897 2.97646883873614
0.14319324312303 0.0916898065593476 2.89497638323704 2.97438020230768
0.149849655705638 0.0936827235222208 2.89592366306862 2.97668251196902
0.164313420411577 0.0895684765189257 2.90227621569508 2.98115407461142
0.182004757639289 0.0905775433983249 2.90637060974212 2.98672528096347
0.173249883377615 0.100010868058922 2.90612007086491 2.98417271358961
0.174834874315504 0.0935406743669465 2.90481622949926 2.98479042085684
0.142227591785793 0.089171693275653 2.89597187733367 2.9739306013163
0.164313420411577 0.0895684765189257 2.90227621569508 2.98115407461142
0.182004757639289 0.0905775433983249 2.90637060974212 2.98672528096347
0.14319324312303 0.0916898065593476 2.89497638323704 2.97438020230768
0.173249883377615 0.100010868058922 2.90612007086491 2.98417271358961
0.150526019669115 0.0909833473426851 2.89498232207897 2.97646883873614
0.157263320791404 0.0909155059821573 2.90202950750728 2.97852045035875
0.149849655705638 0.0936827235222208 2.89592366306862 2.97668251196902
0.162158837024077 0.0870653912960765 2.90211272046672 2.98005948116074
0.149849655705638 0.0936827235222208 2.89592366306862 2.97668251196902
0.164313420411577 0.0895684765189257 2.90227621569508 2.98115407461142
0.162158837024077 0.0870653912960765 2.90211272046672 2.98005948116074
0.14319324312303 0.0916898065593476 2.89497638323704 2.97438020230768
0.174834874315504 0.0935406743669465 2.90481622949926 2.98479042085684
0.142227591785793 0.089171693275653 2.89597187733367 2.9739306013163
0.173249883377615 0.100010868058922 2.90612007086491 2.98417271358961
0.150526019669115 0.0909833473426851 2.89498232207897 2.97646883873614
0.182004757639289 0.0905775433983249 2.90637060974212 2.98672528096347
0.157263320791404 0.0909155059821573 2.90202950750728 2.97852045035875
0.157263320791404 0.0909155059821573 2.90202950750728 2.97852045035875
0.174834874315504 0.0935406743669465 2.90481622949926 2.98479042085684
0.149849655705638 0.0936827235222208 2.89592366306862 2.97668251196902
0.162158837024077 0.0870653912960765 2.90211272046672 2.98005948116074
0.182004757639289 0.0905775433983249 2.90637060974212 2.98672528096347
0.150526019669115 0.0909833473426851 2.89498232207897 2.97646883873614
0.142227591785793 0.089171693275653 2.89597187733367 2.9739306013163
0.14319324312303 0.0916898065593476 2.89497638323704 2.97438020230768
0.173249883377615 0.100010868058922 2.90612007086491 2.98417271358961
0.164313420411577 0.0895684765189257 2.90227621569508 2.98115407461142
0.149849655705638 0.0936827235222208 2.89592366306862 2.97668251196902
0.162158837024077 0.0870653912960765 2.90211272046672 2.98005948116074
0.164313420411577 0.0895684765189257 2.90227621569508 2.98115407461142
0.142227591785793 0.089171693275653 2.89597187733367 2.9739306013163
0.14319324312303 0.0916898065593476 2.89497638323704 2.97438020230768
0.150526019669115 0.0909833473426851 2.89498232207897 2.97646883873614
0.182004757639289 0.0905775433983249 2.90637060974212 2.98672528096347
0.173249883377615 0.100010868058922 2.90612007086491 2.98417271358961
0.157263320791404 0.0909155059821573 2.90202950750728 2.97852045035875
0.174834874315504 0.0935406743669465 2.90481622949926 2.98479042085684
0.150526019669115 0.0909833473426851 2.89498232207897 2.97646883873614
0.174834874315504 0.0935406743669465 2.90481622949926 2.98479042085684
0.149849655705638 0.0936827235222208 2.89592366306862 2.97668251196902
0.157263320791404 0.0909155059821573 2.90202950750728 2.97852045035875
0.173249883377615 0.100010868058922 2.90612007086491 2.98417271358961
0.142227591785793 0.089171693275653 2.89597187733367 2.9739306013163
0.182004757639289 0.0905775433983249 2.90637060974212 2.98672528096347
0.162158837024077 0.0870653912960765 2.90211272046672 2.98005948116074
0.14319324312303 0.0916898065593476 2.89497638323704 2.97438020230768
0.164313420411577 0.0895684765189257 2.90227621569508 2.98115407461142
0.149849655705638 0.0936827235222208 2.89592366306862 2.97668251196902
0.182004757639289 0.0905775433983249 2.90637060974212 2.98672528096347
0.14319324312303 0.0916898065593476 2.89497638323704 2.97438020230768
0.162158837024077 0.0870653912960765 2.90211272046672 2.98005948116074
0.150526019669115 0.0909833473426851 2.89498232207897 2.97646883873614
0.142227591785793 0.089171693275653 2.89597187733367 2.9739306013163
0.173249883377615 0.100010868058922 2.90612007086491 2.98417271358961
0.157263320791404 0.0909155059821573 2.90202950750728 2.97852045035875
0.174834874315504 0.0935406743669465 2.90481622949926 2.98479042085684
0.164313420411577 0.0895684765189257 2.90227621569508 2.98115407461142
0.182004757639289 0.0905775433983249 2.90637060974212 2.98672528096347
0.14319324312303 0.0916898065593476 2.89497638323704 2.97438020230768
0.162158837024077 0.0870653912960765 2.90211272046672 2.98005948116074
0.174834874315504 0.0935406743669465 2.90481622949926 2.98479042085684
0.164313420411577 0.0895684765189257 2.90227621569508 2.98115407461142
0.142227591785793 0.089171693275653 2.89597187733367 2.9739306013163
0.173249883377615 0.100010868058922 2.90612007086491 2.98417271358961
0.157263320791404 0.0909155059821573 2.90202950750728 2.97852045035875
0.150526019669115 0.0909833473426851 2.89498232207897 2.97646883873614
0.149849655705638 0.0936827235222208 2.89592366306862 2.97668251196902
0.182004757639289 0.0905775433983249 2.90637060974212 2.98672528096347
0.173249883377615 0.100010868058922 2.90612007086491 2.98417271358961
0.157263320791404 0.0909155059821573 2.90202950750728 2.97852045035875
0.164313420411577 0.0895684765189257 2.90227621569508 2.98115407461142
0.162158837024077 0.0870653912960765 2.90211272046672 2.98005948116074
0.14319324312303 0.0916898065593476 2.89497638323704 2.97438020230768
0.174834874315504 0.0935406743669465 2.90481622949926 2.98479042085684
0.150526019669115 0.0909833473426851 2.89498232207897 2.97646883873614
0.149849655705638 0.0936827235222208 2.89592366306862 2.97668251196902
0.142227591785793 0.089171693275653 2.89597187733367 2.9739306013163
0.164313420411577 0.0895684765189257 2.90227621569508 2.98115407461142
0.14319324312303 0.0916898065593476 2.89497638323704 2.97438020230768
0.157263320791404 0.0909155059821573 2.90202950750728 2.97852045035875
0.162158837024077 0.0870653912960765 2.90211272046672 2.98005948116074
0.174834874315504 0.0935406743669465 2.90481622949926 2.98479042085684
0.149849655705638 0.0936827235222208 2.89592366306862 2.97668251196902
0.173249883377615 0.100010868058922 2.90612007086491 2.98417271358961
0.150526019669115 0.0909833473426851 2.89498232207897 2.97646883873614
0.142227591785793 0.089171693275653 2.89597187733367 2.9739306013163
0.182004757639289 0.0905775433983249 2.90637060974212 2.98672528096347
0.164313420411577 0.0895684765189257 2.90227621569508 2.98115407461142
0.162158837024077 0.0870653912960765 2.90211272046672 2.98005948116074
0.182004757639289 0.0905775433983249 2.90637060974212 2.98672528096347
0.174834874315504 0.0935406743669465 2.90481622949926 2.98479042085684
0.149849655705638 0.0936827235222208 2.89592366306862 2.97668251196902
0.157263320791404 0.0909155059821573 2.90202950750728 2.97852045035875
0.142227591785793 0.089171693275653 2.89597187733367 2.9739306013163
0.173249883377615 0.100010868058922 2.90612007086491 2.98417271358961
0.150526019669115 0.0909833473426851 2.89498232207897 2.97646883873614
0.14319324312303 0.0916898065593476 2.89497638323704 2.97438020230768
0.157263320791404 0.0909155059821573 2.90202950750728 2.97852045035875
0.150526019669115 0.0909833473426851 2.89498232207897 2.97646883873614
0.14319324312303 0.0916898065593476 2.89497638323704 2.97438020230768
0.149849655705638 0.0936827235222208 2.89592366306862 2.97668251196902
0.173249883377615 0.100010868058922 2.90612007086491 2.98417271358961
0.174834874315504 0.0935406743669465 2.90481622949926 2.98479042085684
0.182004757639289 0.0905775433983249 2.90637060974212 2.98672528096347
0.164313420411577 0.0895684765189257 2.90227621569508 2.98115407461142
0.142227591785793 0.089171693275653 2.89597187733367 2.9739306013163
0.162158837024077 0.0870653912960765 2.90211272046672 2.98005948116074
0.173249883377615 0.100010868058922 2.90612007086491 2.98417271358961
0.14319324312303 0.0916898065593476 2.89497638323704 2.97438020230768
0.174834874315504 0.0935406743669465 2.90481622949926 2.98479042085684
0.162158837024077 0.0870653912960765 2.90211272046672 2.98005948116074
0.150526019669115 0.0909833473426851 2.89498232207897 2.97646883873614
0.157263320791404 0.0909155059821573 2.90202950750728 2.97852045035875
0.164313420411577 0.0895684765189257 2.90227621569508 2.98115407461142
0.149849655705638 0.0936827235222208 2.89592366306862 2.97668251196902
0.142227591785793 0.089171693275653 2.89597187733367 2.9739306013163
0.182004757639289 0.0905775433983249 2.90637060974212 2.98672528096347
0.14319324312303 0.0916898065593476 2.89497638323704 2.97438020230768
0.173249883377615 0.100010868058922 2.90612007086491 2.98417271358961
0.150526019669115 0.0909833473426851 2.89498232207897 2.97646883873614
0.149849655705638 0.0936827235222208 2.89592366306862 2.97668251196902
0.164313420411577 0.0895684765189257 2.90227621569508 2.98115407461142
0.142227591785793 0.089171693275653 2.89597187733367 2.9739306013163
0.162158837024077 0.0870653912960765 2.90211272046672 2.98005948116074
0.182004757639289 0.0905775433983249 2.90637060974212 2.98672528096347
0.174834874315504 0.0935406743669465 2.90481622949926 2.98479042085684
0.157263320791404 0.0909155059821573 2.90202950750728 2.97852045035875
0.162158837024077 0.0870653912960765 2.90211272046672 2.98005948116074
0.164313420411577 0.0895684765189257 2.90227621569508 2.98115407461142
0.173249883377615 0.100010868058922 2.90612007086491 2.98417271358961
0.174834874315504 0.0935406743669465 2.90481622949926 2.98479042085684
0.149849655705638 0.0936827235222208 2.89592366306862 2.97668251196902
0.14319324312303 0.0916898065593476 2.89497638323704 2.97438020230768
0.150526019669115 0.0909833473426851 2.89498232207897 2.97646883873614
0.182004757639289 0.0905775433983249 2.90637060974212 2.98672528096347
0.142227591785793 0.089171693275653 2.89597187733367 2.9739306013163
0.157263320791404 0.0909155059821573 2.90202950750728 2.97852045035875
0.157263320791404 0.0909155059821573 2.90202950750728 2.97852045035875
0.162158837024077 0.0870653912960765 2.90211272046672 2.98005948116074
0.164313420411577 0.0895684765189257 2.90227621569508 2.98115407461142
0.150526019669115 0.0909833473426851 2.89498232207897 2.97646883873614
0.174834874315504 0.0935406743669465 2.90481622949926 2.98479042085684
0.182004757639289 0.0905775433983249 2.90637060974212 2.98672528096347
0.142227591785793 0.089171693275653 2.89597187733367 2.9739306013163
0.14319324312303 0.0916898065593476 2.89497638323704 2.97438020230768
0.149849655705638 0.0936827235222208 2.89592366306862 2.97668251196902
0.173249883377615 0.100010868058922 2.90612007086491 2.98417271358961
0.174834874315504 0.0935406743669465 2.90481622949926 2.98479042085684
0.149849655705638 0.0936827235222208 2.89592366306862 2.97668251196902
0.162158837024077 0.0870653912960765 2.90211272046672 2.98005948116074
0.150526019669115 0.0909833473426851 2.89498232207897 2.97646883873614
0.173249883377615 0.100010868058922 2.90612007086491 2.98417271358961
0.157263320791404 0.0909155059821573 2.90202950750728 2.97852045035875
0.14319324312303 0.0916898065593476 2.89497638323704 2.97438020230768
0.164313420411577 0.0895684765189257 2.90227621569508 2.98115407461142
0.142227591785793 0.089171693275653 2.89597187733367 2.9739306013163
0.182004757639289 0.0905775433983249 2.90637060974212 2.98672528096347
0.164313420411577 0.0895684765189257 2.90227621569508 2.98115407461142
0.149849655705638 0.0936827235222208 2.89592366306862 2.97668251196902
0.173249883377615 0.100010868058922 2.90612007086491 2.98417271358961
0.14319324312303 0.0916898065593476 2.89497638323704 2.97438020230768
0.174834874315504 0.0935406743669465 2.90481622949926 2.98479042085684
0.157263320791404 0.0909155059821573 2.90202950750728 2.97852045035875
0.142227591785793 0.089171693275653 2.89597187733367 2.9739306013163
0.150526019669115 0.0909833473426851 2.89498232207897 2.97646883873614
0.162158837024077 0.0870653912960765 2.90211272046672 2.98005948116074
0.182004757639289 0.0905775433983249 2.90637060974212 2.98672528096347
0.150526019669115 0.0909833473426851 2.89498232207897 2.97646883873614
0.162158837024077 0.0870653912960765 2.90211272046672 2.98005948116074
0.157263320791404 0.0909155059821573 2.90202950750728 2.97852045035875
0.182004757639289 0.0905775433983249 2.90637060974212 2.98672528096347
0.173249883377615 0.100010868058922 2.90612007086491 2.98417271358961
0.14319324312303 0.0916898065593476 2.89497638323704 2.97438020230768
0.142227591785793 0.089171693275653 2.89597187733367 2.9739306013163
0.164313420411577 0.0895684765189257 2.90227621569508 2.98115407461142
0.174834874315504 0.0935406743669465 2.90481622949926 2.98479042085684
0.149849655705638 0.0936827235222208 2.89592366306862 2.97668251196902
0.162158837024077 0.0870653912960765 2.90211272046672 2.98005948116074
0.142227591785793 0.089171693275653 2.89597187733367 2.9739306013163
0.182004757639289 0.0905775433983249 2.90637060974212 2.98672528096347
0.14319324312303 0.0916898065593476 2.89497638323704 2.97438020230768
0.157263320791404 0.0909155059821573 2.90202950750728 2.97852045035875
0.174834874315504 0.0935406743669465 2.90481622949926 2.98479042085684
0.173249883377615 0.100010868058922 2.90612007086491 2.98417271358961
0.150526019669115 0.0909833473426851 2.89498232207897 2.97646883873614
0.149849655705638 0.0936827235222208 2.89592366306862 2.97668251196902
0.164313420411577 0.0895684765189257 2.90227621569508 2.98115407461142
0.149849655705638 0.0936827235222208 2.89592366306862 2.97668251196902
0.162158837024077 0.0870653912960765 2.90211272046672 2.98005948116074
0.182004757639289 0.0905775433983249 2.90637060974212 2.98672528096347
0.174834874315504 0.0935406743669465 2.90481622949926 2.98479042085684
0.164313420411577 0.0895684765189257 2.90227621569508 2.98115407461142
0.14319324312303 0.0916898065593476 2.89497638323704 2.97438020230768
0.173249883377615 0.100010868058922 2.90612007086491 2.98417271358961
0.150526019669115 0.0909833473426851 2.89498232207897 2.97646883873614
0.142227591785793 0.089171693275653 2.89597187733367 2.9739306013163
0.157263320791404 0.0909155059821573 2.90202950750728 2.97852045035875
0.150526019669115 0.0909833473426851 2.89498232207897 2.97646883873614
0.157263320791404 0.0909155059821573 2.90202950750728 2.97852045035875
0.182004757639289 0.0905775433983249 2.90637060974212 2.98672528096347
0.149849655705638 0.0936827235222208 2.89592366306862 2.97668251196902
0.174834874315504 0.0935406743669465 2.90481622949926 2.98479042085684
0.164313420411577 0.0895684765189257 2.90227621569508 2.98115407461142
0.173249883377615 0.100010868058922 2.90612007086491 2.98417271358961
0.14319324312303 0.0916898065593476 2.89497638323704 2.97438020230768
0.162158837024077 0.0870653912960765 2.90211272046672 2.98005948116074
0.142227591785793 0.089171693275653 2.89597187733367 2.9739306013163
0.173249883377615 0.100010868058922 2.90612007086491 2.98417271358961
0.149849655705638 0.0936827235222208 2.89592366306862 2.97668251196902
0.182004757639289 0.0905775433983249 2.90637060974212 2.98672528096347
0.14319324312303 0.0916898065593476 2.89497638323704 2.97438020230768
0.174834874315504 0.0935406743669465 2.90481622949926 2.98479042085684
0.142227591785793 0.089171693275653 2.89597187733367 2.9739306013163
0.157263320791404 0.0909155059821573 2.90202950750728 2.97852045035875
0.164313420411577 0.0895684765189257 2.90227621569508 2.98115407461142
0.150526019669115 0.0909833473426851 2.89498232207897 2.97646883873614
0.162158837024077 0.0870653912960765 2.90211272046672 2.98005948116074
0.142227591785793 0.089171693275653 2.89597187733367 2.9739306013163
0.150526019669115 0.0909833473426851 2.89498232207897 2.97646883873614
0.174834874315504 0.0935406743669465 2.90481622949926 2.98479042085684
0.14319324312303 0.0916898065593476 2.89497638323704 2.97438020230768
0.173249883377615 0.100010868058922 2.90612007086491 2.98417271358961
0.162158837024077 0.0870653912960765 2.90211272046672 2.98005948116074
0.164313420411577 0.0895684765189257 2.90227621569508 2.98115407461142
0.157263320791404 0.0909155059821573 2.90202950750728 2.97852045035875
0.182004757639289 0.0905775433983249 2.90637060974212 2.98672528096347
0.149849655705638 0.0936827235222208 2.89592366306862 2.97668251196902
0.149849655705638 0.0936827235222208 2.89592366306862 2.97668251196902
0.142227591785793 0.089171693275653 2.89597187733367 2.9739306013163
0.182004757639289 0.0905775433983249 2.90637060974212 2.98672528096347
0.174834874315504 0.0935406743669465 2.90481622949926 2.98479042085684
0.164313420411577 0.0895684765189257 2.90227621569508 2.98115407461142
0.150526019669115 0.0909833473426851 2.89498232207897 2.97646883873614
0.173249883377615 0.100010868058922 2.90612007086491 2.98417271358961
0.14319324312303 0.0916898065593476 2.89497638323704 2.97438020230768
0.162158837024077 0.0870653912960765 2.90211272046672 2.98005948116074
0.157263320791404 0.0909155059821573 2.90202950750728 2.97852045035875
0.162158837024077 0.0870653912960765 2.90211272046672 2.98005948116074
0.182004757639289 0.0905775433983249 2.90637060974212 2.98672528096347
0.150526019669115 0.0909833473426851 2.89498232207897 2.97646883873614
0.14319324312303 0.0916898065593476 2.89497638323704 2.97438020230768
0.142227591785793 0.089171693275653 2.89597187733367 2.9739306013163
0.173249883377615 0.100010868058922 2.90612007086491 2.98417271358961
0.149849655705638 0.0936827235222208 2.89592366306862 2.97668251196902
0.164313420411577 0.0895684765189257 2.90227621569508 2.98115407461142
0.174834874315504 0.0935406743669465 2.90481622949926 2.98479042085684
0.157263320791404 0.0909155059821573 2.90202950750728 2.97852045035875
0.174834874315504 0.0935406743669465 2.90481622949926 2.98479042085684
0.162158837024077 0.0870653912960765 2.90211272046672 2.98005948116074
0.182004757639289 0.0905775433983249 2.90637060974212 2.98672528096347
0.150526019669115 0.0909833473426851 2.89498232207897 2.97646883873614
0.149849655705638 0.0936827235222208 2.89592366306862 2.97668251196902
0.164313420411577 0.0895684765189257 2.90227621569508 2.98115407461142
0.14319324312303 0.0916898065593476 2.89497638323704 2.97438020230768
0.142227591785793 0.089171693275653 2.89597187733367 2.9739306013163
0.173249883377615 0.100010868058922 2.90612007086491 2.98417271358961
0.157263320791404 0.0909155059821573 2.90202950750728 2.97852045035875
0.174834874315504 0.0935406743669465 2.90481622949926 2.98479042085684
0.173249883377615 0.100010868058922 2.90612007086491 2.98417271358961
0.164313420411577 0.0895684765189257 2.90227621569508 2.98115407461142
0.142227591785793 0.089171693275653 2.89597187733367 2.9739306013163
0.14319324312303 0.0916898065593476 2.89497638323704 2.97438020230768
0.150526019669115 0.0909833473426851 2.89498232207897 2.97646883873614
0.157263320791404 0.0909155059821573 2.90202950750728 2.97852045035875
0.182004757639289 0.0905775433983249 2.90637060974212 2.98672528096347
0.162158837024077 0.0870653912960765 2.90211272046672 2.98005948116074
0.149849655705638 0.0936827235222208 2.89592366306862 2.97668251196902
0.14319324312303 0.0916898065593476 2.89497638323704 2.97438020230768
0.162158837024077 0.0870653912960765 2.90211272046672 2.98005948116074
0.174834874315504 0.0935406743669465 2.90481622949926 2.98479042085684
0.157263320791404 0.0909155059821573 2.90202950750728 2.97852045035875
0.182004757639289 0.0905775433983249 2.90637060974212 2.98672528096347
0.149849655705638 0.0936827235222208 2.89592366306862 2.97668251196902
0.173249883377615 0.100010868058922 2.90612007086491 2.98417271358961
0.150526019669115 0.0909833473426851 2.89498232207897 2.97646883873614
0.164313420411577 0.0895684765189257 2.90227621569508 2.98115407461142
0.142227591785793 0.089171693275653 2.89597187733367 2.9739306013163
0.142227591785793 0.089171693275653 2.89597187733367 2.9739306013163
0.149849655705638 0.0936827235222208 2.89592366306862 2.97668251196902
0.173249883377615 0.100010868058922 2.90612007086491 2.98417271358961
0.162158837024077 0.0870653912960765 2.90211272046672 2.98005948116074
0.174834874315504 0.0935406743669465 2.90481622949926 2.98479042085684
0.14319324312303 0.0916898065593476 2.89497638323704 2.97438020230768
0.157263320791404 0.0909155059821573 2.90202950750728 2.97852045035875
0.182004757639289 0.0905775433983249 2.90637060974212 2.98672528096347
0.164313420411577 0.0895684765189257 2.90227621569508 2.98115407461142
0.150526019669115 0.0909833473426851 2.89498232207897 2.97646883873614
0.173249883377615 0.100010868058922 2.90612007086491 2.98417271358961
0.14319324312303 0.0916898065593476 2.89497638323704 2.97438020230768
0.142227591785793 0.089171693275653 2.89597187733367 2.9739306013163
0.162158837024077 0.0870653912960765 2.90211272046672 2.98005948116074
0.174834874315504 0.0935406743669465 2.90481622949926 2.98479042085684
0.149849655705638 0.0936827235222208 2.89592366306862 2.97668251196902
0.157263320791404 0.0909155059821573 2.90202950750728 2.97852045035875
0.150526019669115 0.0909833473426851 2.89498232207897 2.97646883873614
0.182004757639289 0.0905775433983249 2.90637060974212 2.98672528096347
0.164313420411577 0.0895684765189257 2.90227621569508 2.98115407461142
0.149849655705638 0.0936827235222208 2.89592366306862 2.97668251196902
0.174834874315504 0.0935406743669465 2.90481622949926 2.98479042085684
0.142227591785793 0.089171693275653 2.89597187733367 2.9739306013163
0.173249883377615 0.100010868058922 2.90612007086491 2.98417271358961
0.157263320791404 0.0909155059821573 2.90202950750728 2.97852045035875
0.182004757639289 0.0905775433983249 2.90637060974212 2.98672528096347
0.164313420411577 0.0895684765189257 2.90227621569508 2.98115407461142
0.150526019669115 0.0909833473426851 2.89498232207897 2.97646883873614
0.162158837024077 0.0870653912960765 2.90211272046672 2.98005948116074
0.14319324312303 0.0916898065593476 2.89497638323704 2.97438020230768
0.164313420411577 0.0895684765189257 2.90227621569508 2.98115407461142
0.14319324312303 0.0916898065593476 2.89497638323704 2.97438020230768
0.162158837024077 0.0870653912960765 2.90211272046672 2.98005948116074
0.149849655705638 0.0936827235222208 2.89592366306862 2.97668251196902
0.182004757639289 0.0905775433983249 2.90637060974212 2.98672528096347
0.174834874315504 0.0935406743669465 2.90481622949926 2.98479042085684
0.150526019669115 0.0909833473426851 2.89498232207897 2.97646883873614
0.157263320791404 0.0909155059821573 2.90202950750728 2.97852045035875
0.173249883377615 0.100010868058922 2.90612007086491 2.98417271358961
0.142227591785793 0.089171693275653 2.89597187733367 2.9739306013163
0.14319324312303 0.0916898065593476 2.89497638323704 2.97438020230768
0.174834874315504 0.0935406743669465 2.90481622949926 2.98479042085684
0.149849655705638 0.0936827235222208 2.89592366306862 2.97668251196902
0.162158837024077 0.0870653912960765 2.90211272046672 2.98005948116074
0.164313420411577 0.0895684765189257 2.90227621569508 2.98115407461142
0.150526019669115 0.0909833473426851 2.89498232207897 2.97646883873614
0.142227591785793 0.089171693275653 2.89597187733367 2.9739306013163
0.157263320791404 0.0909155059821573 2.90202950750728 2.97852045035875
0.173249883377615 0.100010868058922 2.90612007086491 2.98417271358961
0.182004757639289 0.0905775433983249 2.90637060974212 2.98672528096347
0.174834874315504 0.0935406743669465 2.90481622949926 2.98479042085684
0.182004757639289 0.0905775433983249 2.90637060974212 2.98672528096347
0.150526019669115 0.0909833473426851 2.89498232207897 2.97646883873614
0.164313420411577 0.0895684765189257 2.90227621569508 2.98115407461142
0.14319324312303 0.0916898065593476 2.89497638323704 2.97438020230768
0.149849655705638 0.0936827235222208 2.89592366306862 2.97668251196902
0.142227591785793 0.089171693275653 2.89597187733367 2.9739306013163
0.173249883377615 0.100010868058922 2.90612007086491 2.98417271358961
0.157263320791404 0.0909155059821573 2.90202950750728 2.97852045035875
0.162158837024077 0.0870653912960765 2.90211272046672 2.98005948116074
0.142227591785793 0.089171693275653 2.89597187733367 2.9739306013163
0.162158837024077 0.0870653912960765 2.90211272046672 2.98005948116074
0.164313420411577 0.0895684765189257 2.90227621569508 2.98115407461142
0.174834874315504 0.0935406743669465 2.90481622949926 2.98479042085684
0.173249883377615 0.100010868058922 2.90612007086491 2.98417271358961
0.182004757639289 0.0905775433983249 2.90637060974212 2.98672528096347
0.149849655705638 0.0936827235222208 2.89592366306862 2.97668251196902
0.150526019669115 0.0909833473426851 2.89498232207897 2.97646883873614
0.157263320791404 0.0909155059821573 2.90202950750728 2.97852045035875
0.14319324312303 0.0916898065593476 2.89497638323704 2.97438020230768
0.173249883377615 0.100010868058922 2.90612007086491 2.98417271358961
0.14319324312303 0.0916898065593476 2.89497638323704 2.97438020230768
0.157263320791404 0.0909155059821573 2.90202950750728 2.97852045035875
0.150526019669115 0.0909833473426851 2.89498232207897 2.97646883873614
0.162158837024077 0.0870653912960765 2.90211272046672 2.98005948116074
0.174834874315504 0.0935406743669465 2.90481622949926 2.98479042085684
0.142227591785793 0.089171693275653 2.89597187733367 2.9739306013163
0.182004757639289 0.0905775433983249 2.90637060974212 2.98672528096347
0.149849655705638 0.0936827235222208 2.89592366306862 2.97668251196902
0.164313420411577 0.0895684765189257 2.90227621569508 2.98115407461142
0.149849655705638 0.0936827235222208 2.89592366306862 2.97668251196902
0.174834874315504 0.0935406743669465 2.90481622949926 2.98479042085684
0.157263320791404 0.0909155059821573 2.90202950750728 2.97852045035875
0.182004757639289 0.0905775433983249 2.90637060974212 2.98672528096347
0.150526019669115 0.0909833473426851 2.89498232207897 2.97646883873614
0.164313420411577 0.0895684765189257 2.90227621569508 2.98115407461142
0.162158837024077 0.0870653912960765 2.90211272046672 2.98005948116074
0.14319324312303 0.0916898065593476 2.89497638323704 2.97438020230768
0.173249883377615 0.100010868058922 2.90612007086491 2.98417271358961
0.142227591785793 0.089171693275653 2.89597187733367 2.9739306013163
0.174834874315504 0.0935406743669465 2.90481622949926 2.98479042085684
0.157263320791404 0.0909155059821573 2.90202950750728 2.97852045035875
0.164313420411577 0.0895684765189257 2.90227621569508 2.98115407461142
0.142227591785793 0.089171693275653 2.89597187733367 2.9739306013163
0.182004757639289 0.0905775433983249 2.90637060974212 2.98672528096347
0.149849655705638 0.0936827235222208 2.89592366306862 2.97668251196902
0.173249883377615 0.100010868058922 2.90612007086491 2.98417271358961
0.14319324312303 0.0916898065593476 2.89497638323704 2.97438020230768
0.162158837024077 0.0870653912960765 2.90211272046672 2.98005948116074
0.150526019669115 0.0909833473426851 2.89498232207897 2.97646883873614
0.162158837024077 0.0870653912960765 2.90211272046672 2.98005948116074
0.173249883377615 0.100010868058922 2.90612007086491 2.98417271358961
0.157263320791404 0.0909155059821573 2.90202950750728 2.97852045035875
0.142227591785793 0.089171693275653 2.89597187733367 2.9739306013163
0.164313420411577 0.0895684765189257 2.90227621569508 2.98115407461142
0.150526019669115 0.0909833473426851 2.89498232207897 2.97646883873614
0.182004757639289 0.0905775433983249 2.90637060974212 2.98672528096347
0.14319324312303 0.0916898065593476 2.89497638323704 2.97438020230768
0.174834874315504 0.0935406743669465 2.90481622949926 2.98479042085684
0.149849655705638 0.0936827235222208 2.89592366306862 2.97668251196902
0.182004757639289 0.0905775433983249 2.90637060974212 2.98672528096347
0.157263320791404 0.0909155059821573 2.90202950750728 2.97852045035875
0.149849655705638 0.0936827235222208 2.89592366306862 2.97668251196902
0.162158837024077 0.0870653912960765 2.90211272046672 2.98005948116074
0.164313420411577 0.0895684765189257 2.90227621569508 2.98115407461142
0.150526019669115 0.0909833473426851 2.89498232207897 2.97646883873614
0.14319324312303 0.0916898065593476 2.89497638323704 2.97438020230768
0.173249883377615 0.100010868058922 2.90612007086491 2.98417271358961
0.142227591785793 0.089171693275653 2.89597187733367 2.9739306013163
0.174834874315504 0.0935406743669465 2.90481622949926 2.98479042085684
0.173249883377615 0.100010868058922 2.90612007086491 2.98417271358961
0.149849655705638 0.0936827235222208 2.89592366306862 2.97668251196902
0.182004757639289 0.0905775433983249 2.90637060974212 2.98672528096347
0.142227591785793 0.089171693275653 2.89597187733367 2.9739306013163
0.157263320791404 0.0909155059821573 2.90202950750728 2.97852045035875
0.174834874315504 0.0935406743669465 2.90481622949926 2.98479042085684
0.162158837024077 0.0870653912960765 2.90211272046672 2.98005948116074
0.164313420411577 0.0895684765189257 2.90227621569508 2.98115407461142
0.14319324312303 0.0916898065593476 2.89497638323704 2.97438020230768
0.150526019669115 0.0909833473426851 2.89498232207897 2.97646883873614
0.150526019669115 0.0909833473426851 2.89498232207897 2.97646883873614
0.164313420411577 0.0895684765189257 2.90227621569508 2.98115407461142
0.14319324312303 0.0916898065593476 2.89497638323704 2.97438020230768
0.182004757639289 0.0905775433983249 2.90637060974212 2.98672528096347
0.174834874315504 0.0935406743669465 2.90481622949926 2.98479042085684
0.173249883377615 0.100010868058922 2.90612007086491 2.98417271358961
0.157263320791404 0.0909155059821573 2.90202950750728 2.97852045035875
0.149849655705638 0.0936827235222208 2.89592366306862 2.97668251196902
0.142227591785793 0.089171693275653 2.89597187733367 2.9739306013163
0.162158837024077 0.0870653912960765 2.90211272046672 2.98005948116074
0.14319324312303 0.0916898065593476 2.89497638323704 2.97438020230768
0.182004757639289 0.0905775433983249 2.90637060974212 2.98672528096347
0.173249883377615 0.100010868058922 2.90612007086491 2.98417271358961
0.164313420411577 0.0895684765189257 2.90227621569508 2.98115407461142
0.150526019669115 0.0909833473426851 2.89498232207897 2.97646883873614
0.162158837024077 0.0870653912960765 2.90211272046672 2.98005948116074
0.142227591785793 0.089171693275653 2.89597187733367 2.9739306013163
0.174834874315504 0.0935406743669465 2.90481622949926 2.98479042085684
0.149849655705638 0.0936827235222208 2.89592366306862 2.97668251196902
0.157263320791404 0.0909155059821573 2.90202950750728 2.97852045035875
0.174834874315504 0.0935406743669465 2.90481622949926 2.98479042085684
0.142227591785793 0.089171693275653 2.89597187733367 2.9739306013163
0.150526019669115 0.0909833473426851 2.89498232207897 2.97646883873614
0.173249883377615 0.100010868058922 2.90612007086491 2.98417271358961
0.182004757639289 0.0905775433983249 2.90637060974212 2.98672528096347
0.149849655705638 0.0936827235222208 2.89592366306862 2.97668251196902
0.157263320791404 0.0909155059821573 2.90202950750728 2.97852045035875
0.162158837024077 0.0870653912960765 2.90211272046672 2.98005948116074
0.164313420411577 0.0895684765189257 2.90227621569508 2.98115407461142
0.14319324312303 0.0916898065593476 2.89497638323704 2.97438020230768
0.157263320791404 0.0909155059821573 2.90202950750728 2.97852045035875
0.173249883377615 0.100010868058922 2.90612007086491 2.98417271358961
0.174834874315504 0.0935406743669465 2.90481622949926 2.98479042085684
0.149849655705638 0.0936827235222208 2.89592366306862 2.97668251196902
0.150526019669115 0.0909833473426851 2.89498232207897 2.97646883873614
0.162158837024077 0.0870653912960765 2.90211272046672 2.98005948116074
0.164313420411577 0.0895684765189257 2.90227621569508 2.98115407461142
0.182004757639289 0.0905775433983249 2.90637060974212 2.98672528096347
0.142227591785793 0.089171693275653 2.89597187733367 2.9739306013163
0.14319324312303 0.0916898065593476 2.89497638323704 2.97438020230768
0.173249883377615 0.100010868058922 2.90612007086491 2.98417271358961
0.162158837024077 0.0870653912960765 2.90211272046672 2.98005948116074
0.157263320791404 0.0909155059821573 2.90202950750728 2.97852045035875
0.14319324312303 0.0916898065593476 2.89497638323704 2.97438020230768
0.150526019669115 0.0909833473426851 2.89498232207897 2.97646883873614
0.174834874315504 0.0935406743669465 2.90481622949926 2.98479042085684
0.149849655705638 0.0936827235222208 2.89592366306862 2.97668251196902
0.182004757639289 0.0905775433983249 2.90637060974212 2.98672528096347
0.142227591785793 0.089171693275653 2.89597187733367 2.9739306013163
0.164313420411577 0.0895684765189257 2.90227621569508 2.98115407461142
