0.307678274971768 0.0341824859209202 2.88154874711674 2.9670923662453
0.325235999771279 0.0370722116723547 2.88475678805695 2.9697271588643
0.246279634956228 0.0359518921700857 2.87018137695905 2.95665184010674
0.365587790384375 0.0327783214830673 2.89054677299569 2.97675727898314
0.248202804319465 0.0354184664913633 2.87018279450823 2.95719239448513
0.221201771183957 0.0327339857202447 2.86452171413596 2.95250596546728
0.263813246861955 0.0351844723078677 2.87416057316572 2.95982009872931
0.245857219867251 0.0344918399087869 2.87164001754454 2.95644781988321
0.237392817969864 0.0351466180409231 2.86712561283977 2.95497454691637
0.221374095912511 0.0355707612673004 2.8670264369458 2.95205081954758
0.365587790384375 0.0327783214830673 2.89054677299569 2.97675727898314
0.237392817969864 0.0351466180409231 2.86712561283977 2.95497454691637
0.221201771183957 0.0327339857202447 2.86452171413596 2.95250596546728
0.248202804319465 0.0354184664913633 2.87018279450823 2.95719239448513
0.325235999771279 0.0370722116723547 2.88475678805695 2.9697271588643
0.246279634956228 0.0359518921700857 2.87018137695905 2.95665184010674
0.263813246861955 0.0351844723078677 2.87416057316572 2.95982009872931
0.221374095912511 0.0355707612673004 2.8670264369458 2.95205081954758
0.245857219867251 0.0344918399087869 2.87164001754454 2.95644781988321
0.307678274971768 0.0341824859209202 2.88154874711674 2.9670923662453
0.245857219867251 0.0344918399087869 2.87164001754454 2.95644781988321
0.246279634956228 0.0359518921700857 2.87018137695905 2.95665184010674
0.365587790384375 0.0327783214830673 2.89054677299569 2.97675727898314
0.237392817969864 0.0351466180409231 2.86712561283977 2.95497454691637
0.248202804319465 0.0354184664913633 2.87018279450823 2.95719239448513
0.221201771183957 0.0327339857202447 2.86452171413596 2.95250596546728
0.221374095912511 0.0355707612673004 2.8670264369458 2.95205081954758
0.263813246861955 0.0351844723078677 2.87416057316572 2.95982009872931
0.307678274971768 0.0341824859209202 2.88154874711674 2.9670923662453
0.325235999771279 0.0370722116723547 2.88475678805695 2.9697271588643
0.307678274971768 0.0341824859209202 2.88154874711674 2.9670923662453
0.246279634956228 0.0359518921700857 2.87018137695905 2.95665184010674
0.263813246861955 0.0351844723078677 2.87416057316572 2.95982009872931
0.245857219867251 0.0344918399087869 2.87164001754454 2.95644781988321
0.237392817969864 0.0351466180409231 2.86712561283977 2.95497454691637
0.221374095912511 0.0355707612673004 2.8670264369458 2.95205081954758
0.248202804319465 0.0354184664913633 2.87018279450823 2.95719239448513
0.221201771183957 0.0327339857202447 2.86452171413596 2.95250596546728
0.325235999771279 0.0370722116723547 2.88475678805695 2.9697271588643
0.365587790384375 0.0327783214830673 2.89054677299569 2.97675727898314
0.246279634956228 0.0359518921700857 2.87018137695905 2.95665184010674
0.221374095912511 0.0355707612673004 2.8670264369458 2.95205081954758
0.307678274971768 0.0341824859209202 2.88154874711674 2.9670923662453
0.263813246861955 0.0351844723078677 2.87416057316572 2.95982009872931
0.221201771183957 0.0327339857202447 2.86452171413596 2.95250596546728
0.248202804319465 0.0354184664913633 2.87018279450823 2.95719239448513
0.365587790384375 0.0327783214830673 2.89054677299569 2.97675727898314
0.245857219867251 0.0344918399087869 2.87164001754454 2.95644781988321
0.325235999771279 0.0370722116723547 2.88475678805695 2.9697271588643
0.237392817969864 0.0351466180409231 2.86712561283977 2.95497454691637
0.245857219867251 0.0344918399087869 2.87164001754454 2.95644781988321
0.325235999771279 0.0370722116723547 2.88475678805695 2.9697271588643
0.221374095912511 0.0355707612673004 2.8670264369458 2.95205081954758
0.221201771183957 0.0327339857202447 2.86452171413596 2.95250596546728
0.246279634956228 0.0359518921700857 2.87018137695905 2.95665184010674
0.263813246861955 0.0351844723078677 2.87416057316572 2.95982009872931
0.248202804319465 0.0354184664913633 2.87018279450823 2.95719239448513
0.365587790384375 0.0327783214830673 2.89054677299569 2.97675727898314
0.307678274971768 0.0341824859209202 2.88154874711674 2.9670923662453
0.237392817969864 0.0351466180409231 2.86712561283977 2.95497454691637
0.221201771183957 0.0327339857202447 2.86452171413596 2.95250596546728
0.246279634956228 0.0359518921700857 2.87018137695905 2.95665184010674
0.307678274971768 0.0341824859209202 2.88154874711674 2.9670923662453
0.221374095912511 0.0355707612673004 2.8670264369458 2.95205081954758
0.237392817969864 0.0351466180409231 2.86712561283977 2.95497454691637
0.365587790384375 0.0327783214830673 2.89054677299569 2.97675727898314
0.248202804319465 0.0354184664913633 2.87018279450823 2.95719239448513
0.245857219867251 0.0344918399087869 2.87164001754454 2.95644781988321
0.325235999771279 0.0370722116723547 2.88475678805695 2.9697271588643
0.263813246861955 0.0351844723078677 2.87416057316572 2.95982009872931
0.246279634956228 0.0359518921700857 2.87018137695905 2.95665184010674
0.307678274971768 0.0341824859209202 2.88154874711674 2.9670923662453
0.325235999771279 0.0370722116723547 2.88475678805695 2.9697271588643
0.248202804319465 0.0354184664913633 2.87018279450823 2.95719239448513
0.237392817969864 0.0351466180409231 2.86712561283977 2.95497454691637
0.221201771183957 0.0327339857202447 2.86452171413596 2.95250596546728
0.221374095912511 0.0355707612673004 2.8670264369458 2.95205081954758
0.245857219867251 0.0344918399087869 2.87164001754454 2.95644781988321
0.365587790384375 0.0327783214830673 2.89054677299569 2.97675727898314
0.263813246861955 0.0351844723078677 2.87416057316572 2.95982009872931
0.263813246861955 0.0351844723078677 2.87416057316572 2.95982009872931
0.248202804319465 0.0354184664913633 2.87018279450823 2.95719239448513
0.221201771183957 0.0327339857202447 2.86452171413596 2.95250596546728
0.307678274971768 0.0341824859209202 2.88154874711674 2.9670923662453
0.246279634956228 0.0359518921700857 2.87018137695905 2.95665184010674
0.365587790384375 0.0327783214830673 2.89054677299569 2.97675727898314
0.325235999771279 0.0370722116723547 2.88475678805695 2.9697271588643
0.221374095912511 0.0355707612673004 2.8670264369458 2.95205081954758
0.237392817969864 0.0351466180409231 2.86712561283977 2.95497454691637
0.245857219867251 0.0344918399087869 2.87164001754454 2.95644781988321
0.221201771183957 0.0327339857202447 2.86452171413596 2.95250596546728
0.221374095912511 0.0355707612673004 2.8670264369458 2.95205081954758
0.263813246861955 0.0351844723078677 2.87416057316572 2.95982009872931
0.237392817969864 0.0351466180409231 2.86712561283977 2.95497454691637
0.307678274971768 0.0341824859209202 2.88154874711674 2.9670923662453
0.245857219867251 0.0344918399087869 2.87164001754454 2.95644781988321
0.365587790384375 0.0327783214830673 2.89054677299569 2.97675727898314
0.248202804319465 0.0354184664913633 2.87018279450823 2.95719239448513
0.325235999771279 0.0370722116723547 2.88475678805695 2.9697271588643
0.246279634956228 0.0359518921700857 2.87018137695905 2.95665184010674
0.245857219867251 0.0344918399087869 2.87164001754454 2.95644781988321
0.246279634956228 0.0359518921700857 2.87018137695905 2.95665184010674
0.221374095912511 0.0355707612673004 2.8670264369458 2.95205081954758
0.263813246861955 0.0351844723078677 2.87416057316572 2.95982009872931
0.307678274971768 0.0341824859209202 2.88154874711674 2.9670923662453
0.325235999771279 0.0370722116723547 2.88475678805695 2.9697271588643
0.248202804319465 0.0354184664913633 2.87018279450823 2.95719239448513
0.237392817969864 0.0351466180409231 2.86712561283977 2.95497454691637
0.365587790384375 0.0327783214830673 2.89054677299569 2.97675727898314
0.221201771183957 0.0327339857202447 2.86452171413596 2.95250596546728
0.221201771183957 0.0327339857202447 2.86452171413596 2.95250596546728
0.263813246861955 0.0351844723078677 2.87416057316572 2.95982009872931
0.365587790384375 0.0327783214830673 2.89054677299569 2.97675727898314
0.237392817969864 0.0351466180409231 2.86712561283977 2.95497454691637
0.307678274971768 0.0341824859209202 2.88154874711674 2.9670923662453
0.325235999771279 0.0370722116723547 2.88475678805695 2.9697271588643
0.221374095912511 0.0355707612673004 2.8670264369458 2.95205081954758
0.245857219867251 0.0344918399087869 2.87164001754454 2.95644781988321
0.246279634956228 0.0359518921700857 2.87018137695905 2.95665184010674
0.248202804319465 0.0354184664913633 2.87018279450823 2.95719239448513
0.245857219867251 0.0344918399087869 2.87164001754454 2.95644781988321
0.246279634956228 0.0359518921700857 2.87018137695905 2.95665184010674
0.221374095912511 0.0355707612673004 2.8670264369458 2.95205081954758
0.263813246861955 0.0351844723078677 2.87416057316572 2.95982009872931
0.248202804319465 0.0354184664913633 2.87018279450823 2.95719239448513
0.325235999771279 0.0370722116723547 2.88475678805695 2.9697271588643
0.307678274971768 0.0341824859209202 2.88154874711674 2.9670923662453
0.365587790384375 0.0327783214830673 2.89054677299569 2.97675727898314
0.237392817969864 0.0351466180409231 2.86712561283977 2.95497454691637
0.221201771183957 0.0327339857202447 2.86452171413596 2.95250596546728
0.237392817969864 0.0351466180409231 2.86712561283977 2.95497454691637
0.246279634956228 0.0359518921700857 2.87018137695905 2.95665184010674
0.325235999771279 0.0370722116723547 2.88475678805695 2.9697271588643
0.307678274971768 0.0341824859209202 2.88154874711674 2.9670923662453
0.248202804319465 0.0354184664913633 2.87018279450823 2.95719239448513
0.221374095912511 0.0355707612673004 2.8670264369458 2.95205081954758
0.365587790384375 0.0327783214830673 2.89054677299569 2.97675727898314
0.245857219867251 0.0344918399087869 2.87164001754454 2.95644781988321
0.221201771183957 0.0327339857202447 2.86452171413596 2.95250596546728
0.263813246861955 0.0351844723078677 2.87416057316572 2.95982009872931
0.246279634956228 0.0359518921700857 2.87018137695905 2.95665184010674
0.325235999771279 0.0370722116723547 2.88475678805695 2.9697271588643
0.307678274971768 0.0341824859209202 2.88154874711674 2.9670923662453
0.263813246861955 0.0351844723078677 2.87416057316572 2.95982009872931
0.365587790384375 0.0327783214830673 2.89054677299569 2.97675727898314
0.248202804319465 0.0354184664913633 2.87018279450823 2.95719239448513
0.221201771183957 0.0327339857202447 2.86452171413596 2.95250596546728
0.221374095912511 0.0355707612673004 2.8670264369458 2.95205081954758
0.245857219867251 0.0344918399087869 2.87164001754454 2.95644781988321
0.237392817969864 0.0351466180409231 2.86712561283977 2.95497454691637
0.365587790384375 0.0327783214830673 2.89054677299569 2.97675727898314
0.237392817969864 0.0351466180409231 2.86712561283977 2.95497454691637
0.246279634956228 0.0359518921700857 2.87018137695905 2.95665184010674
0.263813246861955 0.0351844723078677 2.87416057316572 2.95982009872931
0.307678274971768 0.0341824859209202 2.88154874711674 2.9670923662453
0.245857219867251 0.0344918399087869 2.87164001754454 2.95644781988321
0.248202804319465 0.0354184664913633 2.87018279450823 2.95719239448513
0.325235999771279 0.0370722116723547 2.88475678805695 2.9697271588643
0.221201771183957 0.0327339857202447 2.86452171413596 2.95250596546728
0.221374095912511 0.0355707612673004 2.8670264369458 2.95205081954758
0.245857219867251 0.0344918399087869 2.87164001754454 2.95644781988321
0.263813246861955 0.0351844723078677 2.87416057316572 2.95982009872931
0.248202804319465 0.0354184664913633 2.87018279450823 2.95719239448513
0.365587790384375 0.0327783214830673 2.89054677299569 2.97675727898314
0.246279634956228 0.0359518921700857 2.87018137695905 2.95665184010674
0.221374095912511 0.0355707612673004 2.8670264369458 2.95205081954758
0.221201771183957 0.0327339857202447 2.86452171413596 2.95250596546728
0.325235999771279 0.0370722116723547 2.88475678805695 2.9697271588643
0.237392817969864 0.0351466180409231 2.86712561283977 2.95497454691637
0.307678274971768 0.0341824859209202 2.88154874711674 2.9670923662453
0.245857219867251 0.0344918399087869 2.87164001754454 2.95644781988321
0.237392817969864 0.0351466180409231 2.86712561283977 2.95497454691637
0.325235999771279 0.0370722116723547 2.88475678805695 2.9697271588643
0.307678274971768 0.0341824859209202 2.88154874711674 2.9670923662453
0.365587790384375 0.0327783214830673 2.89054677299569 2.97675727898314
0.221374095912511 0.0355707612673004 2.8670264369458 2.95205081954758
0.263813246861955 0.0351844723078677 2.87416057316572 2.95982009872931
0.221201771183957 0.0327339857202447 2.86452171413596 2.95250596546728
0.248202804319465 0.0354184664913633 2.87018279450823 2.95719239448513
0.246279634956228 0.0359518921700857 2.87018137695905 2.95665184010674
0.263813246861955 0.0351844723078677 2.87416057316572 2.95982009872931
0.245857219867251 0.0344918399087869 2.87164001754454 2.95644781988321
0.248202804319465 0.0354184664913633 2.87018279450823 2.95719239448513
0.365587790384375 0.0327783214830673 2.89054677299569 2.97675727898314
0.221201771183957 0.0327339857202447 2.86452171413596 2.95250596546728
0.307678274971768 0.0341824859209202 2.88154874711674 2.9670923662453
0.325235999771279 0.0370722116723547 2.88475678805695 2.9697271588643
0.246279634956228 0.0359518921700857 2.87018137695905 2.95665184010674
0.237392817969864 0.0351466180409231 2.86712561283977 2.95497454691637
0.221374095912511 0.0355707612673004 2.8670264369458 2.95205081954758
0.237392817969864 0.0351466180409231 2.86712561283977 2.95497454691637
0.307678274971768 0.0341824859209202 2.88154874711674 2.9670923662453
0.263813246861955 0.0351844723078677 2.87416057316572 2.95982009872931
0.221374095912511 0.0355707612673004 2.8670264369458 2.95205081954758
0.325235999771279 0.0370722116723547 2.88475678805695 2.9697271588643
0.248202804319465 0.0354184664913633 2.87018279450823 2.95719239448513
0.246279634956228 0.0359518921700857 2.87018137695905 2.95665184010674
0.221201771183957 0.0327339857202447 2.86452171413596 2.95250596546728
0.245857219867251 0.0344918399087869 2.87164001754454 2.95644781988321
0.365587790384375 0.0327783214830673 2.89054677299569 2.97675727898314
0.221201771183957 0.0327339857202447 2.86452171413596 2.95250596546728
0.307678274971768 0.0341824859209202 2.88154874711674 2.9670923662453
0.325235999771279 0.0370722116723547 2.88475678805695 2.9697271588643
0.245857219867251 0.0344918399087869 2.87164001754454 2.95644781988321
0.246279634956228 0.0359518921700857 2.87018137695905 2.95665184010674
0.237392817969864 0.0351466180409231 2.86712561283977 2.95497454691637
0.263813246861955 0.0351844723078677 2.87416057316572 2.95982009872931
0.365587790384375 0.0327783214830673 2.89054677299569 2.97675727898314
0.221374095912511 0.0355707612673004 2.8670264369458 2.95205081954758
0.248202804319465 0.0354184664913633 2.87018279450823 2.95719239448513
0.221374095912511 0.0355707612673004 2.8670264369458 2.95205081954758
0.365587790384375 0.0327783214830673 2.89054677299569 2.97675727898314
0.237392817969864 0.0351466180409231 2.86712561283977 2.95497454691637
0.245857219867251 0.0344918399087869 2.87164001754454 2.95644781988321
0.325235999771279 0.0370722116723547 2.88475678805695 2.9697271588643
0.263813246861955 0.0351844723078677 2.87416057316572 2.95982009872931
0.307678274971768 0.0341824859209202 2.88154874711674 2.9670923662453
0.248202804319465 0.0354184664913633 2.87018279450823 2.95719239448513
0.246279634956228 0.0359518921700857 2.87018137695905 2.95665184010674
0.221201771183957 0.0327339857202447 2.86452171413596 2.95250596546728
0.248202804319465 0.0354184664913633 2.87018279450823 2.95719239448513
0.246279634956228 0.0359518921700857 2.87018137695905 2.95665184010674
0.221374095912511 0.0355707612673004 2.8670264369458 2.95205081954758
0.221201771183957 0.0327339857202447 2.86452171413596 2.95250596546728
0.263813246861955 0.0351844723078677 2.87416057316572 2.95982009872931
0.237392817969864 0.0351466180409231 2.86712561283977 2.95497454691637
0.365587790384375 0.0327783214830673 2.89054677299569 2.97675727898314
0.325235999771279 0.0370722116723547 2.88475678805695 2.9697271588643
0.245857219867251 0.0344918399087869 2.87164001754454 2.95644781988321
0.307678274971768 0.0341824859209202 2.88154874711674 2.9670923662453
0.221374095912511 0.0355707612673004 2.8670264369458 2.95205081954758
0.325235999771279 0.0370722116723547 2.88475678805695 2.9697271588643
0.246279634956228 0.0359518921700857 2.87018137695905 2.95665184010674
0.248202804319465 0.0354184664913633 2.87018279450823 2.95719239448513
0.221201771183957 0.0327339857202447 2.86452171413596 2.95250596546728
0.307678274971768 0.0341824859209202 2.88154874711674 2.9670923662453
0.237392817969864 0.0351466180409231 2.86712561283977 2.95497454691637
0.245857219867251 0.0344918399087869 2.87164001754454 2.95644781988321
0.365587790384375 0.0327783214830673 2.89054677299569 2.97675727898314
0.263813246861955 0.0351844723078677 2.87416057316572 2.95982009872931
0.221374095912511 0.0355707612673004 2.8670264369458 2.95205081954758
0.237392817969864 0.0351466180409231 2.86712561283977 2.95497454691637
0.365587790384375 0.0327783214830673 2.89054677299569 2.97675727898314
0.307678274971768 0.0341824859209202 2.88154874711674 2.9670923662453
0.263813246861955 0.0351844723078677 2.87416057316572 2.95982009872931
0.221201771183957 0.0327339857202447 2.86452171413596 2.95250596546728
0.248202804319465 0.0354184664913633 2.87018279450823 2.95719239448513
0.246279634956228 0.0359518921700857 2.87018137695905 2.95665184010674
0.325235999771279 0.0370722116723547 2.88475678805695 2.9697271588643
0.245857219867251 0.0344918399087869 2.87164001754454 2.95644781988321
0.246279634956228 0.0359518921700857 2.87018137695905 2.95665184010674
0.365587790384375 0.0327783214830673 2.89054677299569 2.97675727898314
0.263813246861955 0.0351844723078677 2.87416057316572 2.95982009872931
0.221374095912511 0.0355707612673004 2.8670264369458 2.95205081954758
0.307678274971768 0.0341824859209202 2.88154874711674 2.9670923662453
0.221201771183957 0.0327339857202447 2.86452171413596 2.95250596546728
0.237392817969864 0.0351466180409231 2.86712561283977 2.95497454691637
0.245857219867251 0.0344918399087869 2.87164001754454 2.95644781988321
0.325235999771279 0.0370722116723547 2.88475678805695 2.9697271588643
0.248202804319465 0.0354184664913633 2.87018279450823 2.95719239448513
0.221201771183957 0.0327339857202447 2.86452171413596 2.95250596546728
0.246279634956228 0.0359518921700857 2.87018137695905 2.95665184010674
0.245857219867251 0.0344918399087869 2.87164001754454 2.95644781988321
0.365587790384375 0.0327783214830673 2.89054677299569 2.97675727898314
0.325235999771279 0.0370722116723547 2.88475678805695 2.9697271588643
0.248202804319465 0.0354184664913633 2.87018279450823 2.95719239448513
0.263813246861955 0.0351844723078677 2.87416057316572 2.95982009872931
0.307678274971768 0.0341824859209202 2.88154874711674 2.9670923662453
0.237392817969864 0.0351466180409231 2.86712561283977 2.95497454691637
0.221374095912511 0.0355707612673004 2.8670264369458 2.95205081954758
0.237392817969864 0.0351466180409231 2.86712561283977 2.95497454691637
0.365587790384375 0.0327783214830673 2.89054677299569 2.97675727898314
0.221201771183957 0.0327339857202447 2.86452171413596 2.95250596546728
0.325235999771279 0.0370722116723547 2.88475678805695 2.9697271588643
0.307678274971768 0.0341824859209202 2.88154874711674 2.9670923662453
0.248202804319465 0.0354184664913633 2.87018279450823 2.95719239448513
0.263813246861955 0.0351844723078677 2.87416057316572 2.95982009872931
0.245857219867251 0.0344918399087869 2.87164001754454 2.95644781988321
0.246279634956228 0.0359518921700857 2.87018137695905 2.95665184010674
0.221374095912511 0.0355707612673004 2.8670264369458 2.95205081954758
0.263813246861955 0.0351844723078677 2.87416057316572 2.95982009872931
0.248202804319465 0.0354184664913633 2.87018279450823 2.95719239448513
0.365587790384375 0.0327783214830673 2.89054677299569 2.97675727898314
0.221201771183957 0.0327339857202447 2.86452171413596 2.95250596546728
0.237392817969864 0.0351466180409231 2.86712561283977 2.95497454691637
0.307678274971768 0.0341824859209202 2.88154874711674 2.9670923662453
0.325235999771279 0.0370722116723547 2.88475678805695 2.9697271588643
0.246279634956228 0.0359518921700857 2.87018137695905 2.95665184010674
0.245857219867251 0.0344918399087869 2.87164001754454 2.95644781988321
0.221374095912511 0.0355707612673004 2.8670264369458 2.95205081954758
0.263813246861955 0.0351844723078677 2.87416057316572 2.95982009872931
0.248202804319465 0.0354184664913633 2.87018279450823 2.95719239448513
0.246279634956228 0.0359518921700857 2.87018137695905 2.95665184010674
0.307678274971768 0.0341824859209202 2.88154874711674 2.9670923662453
0.221201771183957 0.0327339857202447 2.86452171413596 2.95250596546728
0.237392817969864 0.0351466180409231 2.86712561283977 2.95497454691637
0.325235999771279 0.0370722116723547 2.88475678805695 2.9697271588643
0.365587790384375 0.0327783214830673 2.89054677299569 2.97675727898314
0.245857219867251 0.0344918399087869 2.87164001754454 2.95644781988321
0.221374095912511 0.0355707612673004 2.8670264369458 2.95205081954758
0.365587790384375 0.0327783214830673 2.89054677299569 2.97675727898314
0.263813246861955 0.0351844723078677 2.87416057316572 2.95982009872931
0.245857219867251 0.0344918399087869 2.87164001754454 2.95644781988321
0.221374095912511 0.0355707612673004 2.8670264369458 2.95205081954758
0.248202804319465 0.0354184664913633 2.87018279450823 2.95719239448513
0.237392817969864 0.0351466180409231 2.86712561283977 2.95497454691637
0.325235999771279 0.0370722116723547 2.88475678805695 2.9697271588643
0.221201771183957 0.0327339857202447 2.86452171413596 2.95250596546728
0.246279634956228 0.0359518921700857 2.87018137695905 2.95665184010674
0.307678274971768 0.0341824859209202 2.88154874711674 2.9670923662453
0.325235999771279 0.0370722116723547 2.88475678805695 2.9697271588643
0.365587790384375 0.0327783214830673 2.89054677299569 2.97675727898314
0.307678274971768 0.0341824859209202 2.88154874711674 2.9670923662453
0.248202804319465 0.0354184664913633 2.87018279450823 2.95719239448513
0.245857219867251 0.0344918399087869 2.87164001754454 2.95644781988321
0.246279634956228 0.0359518921700857 2.87018137695905 2.95665184010674
0.237392817969864 0.0351466180409231 2.86712561283977 2.95497454691637
0.263813246861955 0.0351844723078677 2.87416057316572 2.95982009872931
0.221374095912511 0.0355707612673004 2.8670264369458 2.95205081954758
0.221201771183957 0.0327339857202447 2.86452171413596 2.95250596546728
0.221201771183957 0.0327339857202447 2.86452171413596 2.95250596546728
0.325235999771279 0.0370722116723547 2.88475678805695 2.9697271588643
0.221374095912511 0.0355707612673004 2.8670264369458 2.95205081954758
0.245857219867251 0.0344918399087869 2.87164001754454 2.95644781988321
0.248202804319465 0.0354184664913633 2.87018279450823 2.95719239448513
0.237392817969864 0.0351466180409231 2.86712561283977 2.95497454691637
0.365587790384375 0.0327783214830673 2.89054677299569 2.97675727898314
0.263813246861955 0.0351844723078677 2.87416057316572 2.95982009872931
0.307678274971768 0.0341824859209202 2.88154874711674 2.9670923662453
0.246279634956228 0.0359518921700857 2.87018137695905 2.95665184010674
0.237392817969864 0.0351466180409231 2.86712561283977 2.95497454691637
0.365587790384375 0.0327783214830673 2.89054677299569 2.97675727898314
0.221201771183957 0.0327339857202447 2.86452171413596 2.95250596546728
0.246279634956228 0.0359518921700857 2.87018137695905 2.95665184010674
0.307678274971768 0.0341824859209202 2.88154874711674 2.9670923662453
0.263813246861955 0.0351844723078677 2.87416057316572 2.95982009872931
0.245857219867251 0.0344918399087869 2.87164001754454 2.95644781988321
0.248202804319465 0.0354184664913633 2.87018279450823 2.95719239448513
0.221374095912511 0.0355707612673004 2.8670264369458 2.95205081954758
0.325235999771279 0.0370722116723547 2.88475678805695 2.9697271588643
0.245857219867251 0.0344918399087869 2.87164001754454 2.95644781988321
0.237392817969864 0.0351466180409231 2.86712561283977 2.95497454691637
0.307678274971768 0.0341824859209202 2.88154874711674 2.9670923662453
0.325235999771279 0.0370722116723547 2.88475678805695 2.9697271588643
0.221374095912511 0.0355707612673004 2.8670264369458 2.95205081954758
0.221201771183957 0.0327339857202447 2.86452171413596 2.95250596546728
0.248202804319465 0.0354184664913633 2.87018279450823 2.95719239448513
0.246279634956228 0.0359518921700857 2.87018137695905 2.95665184010674
0.365587790384375 0.0327783214830673 2.89054677299569 2.97675727898314
0.263813246861955 0.0351844723078677 2.87416057316572 2.95982009872931
0.221201771183957 0.0327339857202447 2.86452171413596 2.95250596546728
0.325235999771279 0.0370722116723547 2.88475678805695 2.9697271588643
0.237392817969864 0.0351466180409231 2.86712561283977 2.95497454691637
0.307678274971768 0.0341824859209202 2.88154874711674 2.9670923662453
0.221374095912511 0.0355707612673004 2.8670264369458 2.95205081954758
0.263813246861955 0.0351844723078677 2.87416057316572 2.95982009872931
0.365587790384375 0.0327783214830673 2.89054677299569 2.97675727898314
0.245857219867251 0.0344918399087869 2.87164001754454 2.95644781988321
0.246279634956228 0.0359518921700857 2.87018137695905 2.95665184010674
0.248202804319465 0.0354184664913633 2.87018279450823 2.95719239448513
0.307678274971768 0.0341824859209202 2.88154874711674 2.9670923662453
0.246279634956228 0.0359518921700857 2.87018137695905 2.95665184010674
0.263813246861955 0.0351844723078677 2.87416057316572 2.95982009872931
0.237392817969864 0.0351466180409231 2.86712561283977 2.95497454691637
0.325235999771279 0.0370722116723547 2.88475678805695 2.9697271588643
0.365587790384375 0.0327783214830673 2.89054677299569 2.97675727898314
0.245857219867251 0.0344918399087869 2.87164001754454 2.95644781988321
0.221374095912511 0.0355707612673004 2.8670264369458 2.95205081954758
0.248202804319465 0.0354184664913633 2.87018279450823 2.95719239448513
0.221201771183957 0.0327339857202447 2.86452171413596 2.95250596546728
0.325235999771279 0.0370722116723547 2.88475678805695 2.9697271588643
0.307678274971768 0.0341824859209202 2.88154874711674 2.9670923662453
0.221201771183957 0.0327339857202447 2.86452171413596 2.95250596546728
0.248202804319465 0.0354184664913633 2.87018279450823 2.95719239448513
0.221374095912511 0.0355707612673004 2.8670264369458 2.95205081954758
0.237392817969864 0.0351466180409231 2.86712561283977 2.95497454691637
0.365587790384375 0.0327783214830673 2.89054677299569 2.97675727898314
0.245857219867251 0.0344918399087869 2.87164001754454 2.95644781988321
0.246279634956228 0.0359518921700857 2.87018137695905 2.95665184010674
0.263813246861955 0.0351844723078677 2.87416057316572 2.95982009872931
0.221374095912511 0.0355707612673004 2.8670264369458 2.95205081954758
0.365587790384375 0.0327783214830673 2.89054677299569 2.97675727898314
0.246279634956228 0.0359518921700857 2.87018137695905 2.95665184010674
0.221201771183957 0.0327339857202447 2.86452171413596 2.95250596546728
0.237392817969864 0.0351466180409231 2.86712561283977 2.95497454691637
0.325235999771279 0.0370722116723547 2.88475678805695 2.9697271588643
0.263813246861955 0.0351844723078677 2.87416057316572 2.95982009872931
0.245857219867251 0.0344918399087869 2.87164001754454 2.95644781988321
0.307678274971768 0.0341824859209202 2.88154874711674 2.9670923662453
0.248202804319465 0.0354184664913633 2.87018279450823 2.95719239448513
0.246279634956228 0.0359518921700857 2.87018137695905 2.95665184010674
0.248202804319465 0.0354184664913633 2.87018279450823 2.95719239448513
0.221201771183957 0.0327339857202447 2.86452171413596 2.95250596546728
0.263813246861955 0.0351844723078677 2.87416057316572 2.95982009872931
0.221374095912511 0.0355707612673004 2.8670264369458 2.95205081954758
0.237392817969864 0.0351466180409231 2.86712561283977 2.95497454691637
0.245857219867251 0.0344918399087869 2.87164001754454 2.95644781988321
0.365587790384375 0.0327783214830673 2.89054677299569 2.97675727898314
0.325235999771279 0.0370722116723547 2.88475678805695 2.9697271588643
0.307678274971768 0.0341824859209202 2.88154874711674 2.9670923662453
0.237392817969864 0.0351466180409231 2.86712561283977 2.95497454691637
0.245857219867251 0.0344918399087869 2.87164001754454 2.95644781988321
0.221201771183957 0.0327339857202447 2.86452171413596 2.95250596546728
0.325235999771279 0.0370722116723547 2.88475678805695 2.9697271588643
0.221374095912511 0.0355707612673004 2.8670264369458 2.95205081954758
0.263813246861955 0.0351844723078677 2.87416057316572 2.95982009872931
0.307678274971768 0.0341824859209202 2.88154874711674 2.9670923662453
0.365587790384375 0.0327783214830673 2.89054677299569 2.97675727898314
0.246279634956228 0.0359518921700857 2.87018137695905 2.95665184010674
0.248202804319465 0.0354184664913633 2.87018279450823 2.95719239448513
0.307678274971768 0.0341824859209202 2.88154874711674 2.9670923662453
0.221374095912511 0.0355707612673004 2.8670264369458 2.95205081954758
0.221201771183957 0.0327339857202447 2.86452171413596 2.95250596546728
0.365587790384375 0.0327783214830673 2.89054677299569 2.97675727898314
0.248202804319465 0.0354184664913633 2.87018279450823 2.95719239448513
0.237392817969864 0.0351466180409231 2.86712561283977 2.95497454691637
0.325235999771279 0.0370722116723547 2.88475678805695 2.9697271588643
0.245857219867251 0.0344918399087869 2.87164001754454 2.95644781988321
0.246279634956228 0.0359518921700857 2.87018137695905 2.95665184010674
0.263813246861955 0.0351844723078677 2.87416057316572 2.95982009872931
0.221374095912511 0.0355707612673004 2.8670264369458 2.95205081954758
0.221201771183957 0.0327339857202447 2.86452171413596 2.95250596546728
0.365587790384375 0.0327783214830673 2.89054677299569 2.97675727898314
0.237392817969864 0.0351466180409231 2.86712561283977 2.95497454691637
0.248202804319465 0.0354184664913633 2.87018279450823 2.95719239448513
0.325235999771279 0.0370722116723547 2.88475678805695 2.9697271588643
0.307678274971768 0.0341824859209202 2.88154874711674 2.9670923662453
0.245857219867251 0.0344918399087869 2.87164001754454 2.95644781988321
0.263813246861955 0.0351844723078677 2.87416057316572 2.95982009872931
0.246279634956228 0.0359518921700857 2.87018137695905 2.95665184010674
0.325235999771279 0.0370722116723547 2.88475678805695 2.9697271588643
0.246279634956228 0.0359518921700857 2.87018137695905 2.95665184010674
0.245857219867251 0.0344918399087869 2.87164001754454 2.95644781988321
0.237392817969864 0.0351466180409231 2.86712561283977 2.95497454691637
0.221201771183957 0.0327339857202447 2.86452171413596 2.95250596546728
0.248202804319465 0.0354184664913633 2.87018279450823 2.95719239448513
0.263813246861955 0.0351844723078677 2.87416057316572 2.95982009872931
0.221374095912511 0.0355707612673004 2.8670264369458 2.95205081954758
0.365587790384375 0.0327783214830673 2.89054677299569 2.97675727898314
0.307678274971768 0.0341824859209202 2.88154874711674 2.9670923662453
0.365587790384375 0.0327783214830673 2.89054677299569 2.97675727898314
0.263813246861955 0.0351844723078677 2.87416057316572 2.95982009872931
0.325235999771279 0.0370722116723547 2.88475678805695 2.9697271588643
0.245857219867251 0.0344918399087869 2.87164001754454 2.95644781988321
0.237392817969864 0.0351466180409231 2.86712561283977 2.95497454691637
0.248202804319465 0.0354184664913633 2.87018279450823 2.95719239448513
0.221374095912511 0.0355707612673004 2.8670264369458 2.95205081954758
0.246279634956228 0.0359518921700857 2.87018137695905 2.95665184010674
0.307678274971768 0.0341824859209202 2.88154874711674 2.9670923662453
0.221201771183957 0.0327339857202447 2.86452171413596 2.95250596546728
0.325235999771279 0.0370722116723547 2.88475678805695 2.9697271588643
0.245857219867251 0.0344918399087869 2.87164001754454 2.95644781988321
0.237392817969864 0.0351466180409231 2.86712561283977 2.95497454691637
0.263813246861955 0.0351844723078677 2.87416057316572 2.95982009872931
0.221201771183957 0.0327339857202447 2.86452171413596 2.95250596546728
0.246279634956228 0.0359518921700857 2.87018137695905 2.95665184010674
0.248202804319465 0.0354184664913633 2.87018279450823 2.95719239448513
0.365587790384375 0.0327783214830673 2.89054677299569 2.97675727898314
0.307678274971768 0.0341824859209202 2.88154874711674 2.9670923662453
0.221374095912511 0.0355707612673004 2.8670264369458 2.95205081954758
0.248202804319465 0.0354184664913633 2.87018279450823 2.95719239448513
0.365587790384375 0.0327783214830673 2.89054677299569 2.97675727898314
0.307678274971768 0.0341824859209202 2.88154874711674 2.9670923662453
0.245857219867251 0.0344918399087869 2.87164001754454 2.95644781988321
0.221374095912511 0.0355707612673004 2.8670264369458 2.95205081954758
0.246279634956228 0.0359518921700857 2.87018137695905 2.95665184010674
0.325235999771279 0.0370722116723547 2.88475678805695 2.9697271588643
0.221201771183957 0.0327339857202447 2.86452171413596 2.95250596546728
0.237392817969864 0.0351466180409231 2.86712561283977 2.95497454691637
0.263813246861955 0.0351844723078677 2.87416057316572 2.95982009872931
0.246279634956228 0.0359518921700857 2.87018137695905 2.95665184010674
0.307678274971768 0.0341824859209202 2.88154874711674 2.9670923662453
0.248202804319465 0.0354184664913633 2.87018279450823 2.95719239448513
0.221201771183957 0.0327339857202447 2.86452171413596 2.95250596546728
0.365587790384375 0.0327783214830673 2.89054677299569 2.97675727898314
0.221374095912511 0.0355707612673004 2.8670264369458 2.95205081954758
0.245857219867251 0.0344918399087869 2.87164001754454 2.95644781988321
0.237392817969864 0.0351466180409231 2.86712561283977 2.95497454691637
0.263813246861955 0.0351844723078677 2.87416057316572 2.95982009872931
0.325235999771279 0.0370722116723547 2.88475678805695 2.9697271588643
0.248202804319465 0.0354184664913633 2.87018279450823 2.95719239448513
0.365587790384375 0.0327783214830673 2.89054677299569 2.97675727898314
0.263813246861955 0.0351844723078677 2.87416057316572 2.95982009872931
0.307678274971768 0.0341824859209202 2.88154874711674 2.9670923662453
0.245857219867251 0.0344918399087869 2.87164001754454 2.95644781988321
0.221201771183957 0.0327339857202447 2.86452171413596 2.95250596546728
0.246279634956228 0.0359518921700857 2.87018137695905 2.95665184010674
0.237392817969864 0.0351466180409231 2.86712561283977 2.95497454691637
0.221374095912511 0.0355707612673004 2.8670264369458 2.95205081954758
0.325235999771279 0.0370722116723547 2.88475678805695 2.9697271588643
0.263813246861955 0.0351844723078677 2.87416057316572 2.95982009872931
0.221374095912511 0.0355707612673004 2.8670264369458 2.95205081954758
0.325235999771279 0.0370722116723547 2.88475678805695 2.9697271588643
0.307678274971768 0.0341824859209202 2.88154874711674 2.9670923662453
0.245857219867251 0.0344918399087869 2.87164001754454 2.95644781988321
0.365587790384375 0.0327783214830673 2.89054677299569 2.97675727898314
0.221201771183957 0.0327339857202447 2.86452171413596 2.95250596546728
0.248202804319465 0.0354184664913633 2.87018279450823 2.95719239448513
0.237392817969864 0.0351466180409231 2.86712561283977 2.95497454691637
0.246279634956228 0.0359518921700857 2.87018137695905 2.95665184010674
