0.234542897778164 0.0296088892638971 2.88602046602248 2.97328895380884
0.149943059500272 0.0291503755293488 2.86199932099234 2.95077554521803
0.157140544509163 0.0279228191145059 2.86803668212673 2.95226301720901
0.158635597530669 0.027676242109818 2.86332053934104 2.9531986214523
0.189098232262982 0.028471954539262 2.86806585070665 2.96136910347817
0.184034610401255 0.0303742408878565 2.87512043993888 2.96001927152167
0.177303905804164 0.0309070161087905 2.87185681913138 2.95816466590201
0.205660777009447 0.0306781026098532 2.88012898453698 2.96573124285562
0.178810494864983 0.0297420707080555 2.87368159851758 2.95804258626993
0.222346325351483 0.0321122052943109 2.88607768866837 2.96976494304407
0.178810494864983 0.0297420707080555 2.87368159851758 2.95804258626993
0.234542897778164 0.0296088892638971 2.88602046602248 2.97328895380884
0.222346325351483 0.0321122052943109 2.88607768866837 2.96976494304407
0.158635597530669 0.027676242109818 2.86332053934104 2.9531986214523
0.177303905804164 0.0309070161087905 2.87185681913138 2.95816466590201
0.205660777009447 0.0306781026098532 2.88012898453698 2.96573124285562
0.184034610401255 0.0303742408878565 2.87512043993888 2.96001927152167
0.149943059500272 0.0291503755293488 2.86199932099234 2.95077554521803
0.189098232262982 0.028471954539262 2.86806585070665 2.96136910347817
0.157140544509163 0.0279228191145059 2.86803668212673 2.95226301720901
0.184034610401255 0.0303742408878565 2.87512043993888 2.96001927152167
0.149943059500272 0.0291503755293488 2.86199932099234 2.95077554521803
0.205660777009447 0.0306781026098532 2.88012898453698 2.96573124285562
0.178810494864983 0.0297420707080555 2.87368159851758 2.95804258626993
0.177303905804164 0.0309070161087905 2.87185681913138 2.95816466590201
0.222346325351483 0.0321122052943109 2.88607768866837 2.96976494304407
0.157140544509163 0.0279228191145059 2.86803668212673 2.95226301720901
0.158635597530669 0.027676242109818 2.86332053934104 2.9531986214523
0.189098232262982 0.028471954539262 2.86806585070665 2.96136910347817
0.234542897778164 0.0296088892638971 2.88602046602248 2.97328895380884
0.189098232262982 0.028471954539262 2.86806585070665 2.96136910347817
0.158635597530669 0.027676242109818 2.86332053934104 2.9531986214523
0.222346325351483 0.0321122052943109 2.88607768866837 2.96976494304407
0.177303905804164 0.0309070161087905 2.87185681913138 2.95816466590201
0.157140544509163 0.0279228191145059 2.86803668212673 2.95226301720901
0.178810494864983 0.0297420707080555 2.87368159851758 2.95804258626993
0.234542897778164 0.0296088892638971 2.88602046602248 2.97328895380884
0.205660777009447 0.0306781026098532 2.88012898453698 2.96573124285562
0.149943059500272 0.0291503755293488 2.86199932099234 2.95077554521803
0.184034610401255 0.0303742408878565 2.87512043993888 2.96001927152167
0.157140544509163 0.0279228191145059 2.86803668212673 2.95226301720901
0.158635597530669 0.027676242109818 2.86332053934104 2.9531986214523
0.177303905804164 0.0309070161087905 2.87185681913138 2.95816466590201
0.178810494864983 0.0297420707080555 2.87368159851758 2.95804258626993
0.149943059500272 0.0291503755293488 2.86199932099234 2.95077554521803
0.222346325351483 0.0321122052943109 2.88607768866837 2.96976494304407
0.234542897778164 0.0296088892638971 2.88602046602248 2.97328895380884
0.205660777009447 0.0306781026098532 2.88012898453698 2.96573124285562
0.189098232262982 0.028471954539262 2.86806585070665 2.96136910347817
0.184034610401255 0.0303742408878565 2.87512043993888 2.96001927152167
0.158635597530669 0.027676242109818 2.86332053934104 2.9531986214523
0.222346325351483 0.0321122052943109 2.88607768866837 2.96976494304407
0.149943059500272 0.0291503755293488 2.86199932099234 2.95077554521803
0.178810494864983 0.0297420707080555 2.87368159851758 2.95804258626993
0.189098232262982 0.028471954539262 2.86806585070665 2.96136910347817
0.177303905804164 0.0309070161087905 2.87185681913138 2.95816466590201
0.205660777009447 0.0306781026098532 2.88012898453698 2.96573124285562
0.157140544509163 0.0279228191145059 2.86803668212673 2.95226301720901
0.234542897778164 0.0296088892638971 2.88602046602248 2.97328895380884
0.184034610401255 0.0303742408878565 2.87512043993888 2.96001927152167
0.178810494864983 0.0297420707080555 2.87368159851758 2.95804258626993
0.158635597530669 0.027676242109818 2.86332053934104 2.9531986214523
0.184034610401255 0.0303742408878565 2.87512043993888 2.96001927152167
0.149943059500272 0.0291503755293488 2.86199932099234 2.95077554521803
0.222346325351483 0.0321122052943109 2.88607768866837 2.96976494304407
0.177303905804164 0.0309070161087905 2.87185681913138 2.95816466590201
0.234542897778164 0.0296088892638971 2.88602046602248 2.97328895380884
0.157140544509163 0.0279228191145059 2.86803668212673 2.95226301720901
0.189098232262982 0.028471954539262 2.86806585070665 2.96136910347817
0.205660777009447 0.0306781026098532 2.88012898453698 2.96573124285562
0.189098232262982 0.028471954539262 2.86806585070665 2.96136910347817
0.149943059500272 0.0291503755293488 2.86199932099234 2.95077554521803
0.177303905804164 0.0309070161087905 2.87185681913138 2.95816466590201
0.158635597530669 0.027676242109818 2.86332053934104 2.9531986214523
0.184034610401255 0.0303742408878565 2.87512043993888 2.96001927152167
0.157140544509163 0.0279228191145059 2.86803668212673 2.95226301720901
0.222346325351483 0.0321122052943109 2.88607768866837 2.96976494304407
0.178810494864983 0.0297420707080555 2.87368159851758 2.95804258626993
0.205660777009447 0.0306781026098532 2.88012898453698 2.96573124285562
0.234542897778164 0.0296088892638971 2.88602046602248 2.97328895380884
0.189098232262982 0.028471954539262 2.86806585070665 2.96136910347817
0.234542897778164 0.0296088892638971 2.88602046602248 2.97328895380884
0.184034610401255 0.0303742408878565 2.87512043993888 2.96001927152167
0.158635597530669 0.027676242109818 2.86332053934104 2.9531986214523
0.205660777009447 0.0306781026098532 2.88012898453698 2.96573124285562
0.149943059500272 0.0291503755293488 2.86199932099234 2.95077554521803
0.222346325351483 0.0321122052943109 2.88607768866837 2.96976494304407
0.178810494864983 0.0297420707080555 2.87368159851758 2.95804258626993
0.157140544509163 0.0279228191145059 2.86803668212673 2.95226301720901
0.177303905804164 0.0309070161087905 2.87185681913138 2.95816466590201
0.234542897778164 0.0296088892638971 2.88602046602248 2.97328895380884
0.177303905804164 0.0309070161087905 2.87185681913138 2.95816466590201
0.149943059500272 0.0291503755293488 2.86199932099234 2.95077554521803
0.178810494864983 0.0297420707080555 2.87368159851758 2.95804258626993
0.158635597530669 0.027676242109818 2.86332053934104 2.9531986214523
0.157140544509163 0.0279228191145059 2.86803668212673 2.95226301720901
0.205660777009447 0.0306781026098532 2.88012898453698 2.96573124285562
0.189098232262982 0.028471954539262 2.86806585070665 2.96136910347817
0.222346325351483 0.0321122052943109 2.88607768866837 2.96976494304407
0.184034610401255 0.0303742408878565 2.87512043993888 2.96001927152167
0.177303905804164 0.0309070161087905 2.87185681913138 2.95816466590201
0.234542897778164 0.0296088892638971 2.88602046602248 2.97328895380884
0.184034610401255 0.0303742408878565 2.87512043993888 2.96001927152167
0.178810494864983 0.0297420707080555 2.87368159851758 2.95804258626993
0.222346325351483 0.0321122052943109 2.88607768866837 2.96976494304407
0.149943059500272 0.0291503755293488 2.86199932099234 2.95077554521803
0.158635597530669 0.027676242109818 2.86332053934104 2.9531986214523
0.205660777009447 0.0306781026098532 2.88012898453698 2.96573124285562
0.189098232262982 0.028471954539262 2.86806585070665 2.96136910347817
0.157140544509163 0.0279228191145059 2.86803668212673 2.95226301720901
0.222346325351483 0.0321122052943109 2.88607768866837 2.96976494304407
0.157140544509163 0.0279228191145059 2.86803668212673 2.95226301720901
0.184034610401255 0.0303742408878565 2.87512043993888 2.96001927152167
0.178810494864983 0.0297420707080555 2.87368159851758 2.95804258626993
0.177303905804164 0.0309070161087905 2.87185681913138 2.95816466590201
0.189098232262982 0.028471954539262 2.86806585070665 2.96136910347817
0.149943059500272 0.0291503755293488 2.86199932099234 2.95077554521803
0.205660777009447 0.0306781026098532 2.88012898453698 2.96573124285562
0.158635597530669 0.027676242109818 2.86332053934104 2.9531986214523
0.234542897778164 0.0296088892638971 2.88602046602248 2.97328895380884
0.189098232262982 0.028471954539262 2.86806585070665 2.96136910347817
0.149943059500272 0.0291503755293488 2.86199932099234 2.95077554521803
0.157140544509163 0.0279228191145059 2.86803668212673 2.95226301720901
0.222346325351483 0.0321122052943109 2.88607768866837 2.96976494304407
0.205660777009447 0.0306781026098532 2.88012898453698 2.96573124285562
0.177303905804164 0.0309070161087905 2.87185681913138 2.95816466590201
0.184034610401255 0.0303742408878565 2.87512043993888 2.96001927152167
0.234542897778164 0.0296088892638971 2.88602046602248 2.97328895380884
0.158635597530669 0.027676242109818 2.86332053934104 2.9531986214523
0.178810494864983 0.0297420707080555 2.87368159851758 2.95804258626993
0.222346325351483 0.0321122052943109 2.88607768866837 2.96976494304407
0.157140544509163 0.0279228191145059 2.86803668212673 2.95226301720901
0.149943059500272 0.0291503755293488 2.86199932099234 2.95077554521803
0.234542897778164 0.0296088892638971 2.88602046602248 2.97328895380884
0.205660777009447 0.0306781026098532 2.88012898453698 2.96573124285562
0.158635597530669 0.027676242109818 2.86332053934104 2.9531986214523
0.177303905804164 0.0309070161087905 2.87185681913138 2.95816466590201
0.184034610401255 0.0303742408878565 2.87512043993888 2.96001927152167
0.189098232262982 0.028471954539262 2.86806585070665 2.96136910347817
0.178810494864983 0.0297420707080555 2.87368159851758 2.95804258626993
0.157140544509163 0.0279228191145059 2.86803668212673 2.95226301720901
0.177303905804164 0.0309070161087905 2.87185681913138 2.95816466590201
0.234542897778164 0.0296088892638971 2.88602046602248 2.97328895380884
0.189098232262982 0.028471954539262 2.86806585070665 2.96136910347817
0.149943059500272 0.0291503755293488 2.86199932099234 2.95077554521803
0.205660777009447 0.0306781026098532 2.88012898453698 2.96573124285562
0.184034610401255 0.0303742408878565 2.87512043993888 2.96001927152167
0.158635597530669 0.027676242109818 2.86332053934104 2.9531986214523
0.178810494864983 0.0297420707080555 2.87368159851758 2.95804258626993
0.222346325351483 0.0321122052943109 2.88607768866837 2.96976494304407
0.177303905804164 0.0309070161087905 2.87185681913138 2.95816466590201
0.234542897778164 0.0296088892638971 2.88602046602248 2.97328895380884
0.189098232262982 0.028471954539262 2.86806585070665 2.96136910347817
0.205660777009447 0.0306781026098532 2.88012898453698 2.96573124285562
0.149943059500272 0.0291503755293488 2.86199932099234 2.95077554521803
0.222346325351483 0.0321122052943109 2.88607768866837 2.96976494304407
0.158635597530669 0.027676242109818 2.86332053934104 2.9531986214523
0.157140544509163 0.0279228191145059 2.86803668212673 2.95226301720901
0.178810494864983 0.0297420707080555 2.87368159851758 2.95804258626993
0.184034610401255 0.0303742408878565 2.87512043993888 2.96001927152167
0.189098232262982 0.028471954539262 2.86806585070665 2.96136910347817
0.158635597530669 0.027676242109818 2.86332053934104 2.9531986214523
0.149943059500272 0.0291503755293488 2.86199932099234 2.95077554521803
0.177303905804164 0.0309070161087905 2.87185681913138 2.95816466590201
0.222346325351483 0.0321122052943109 2.88607768866837 2.96976494304407
0.184034610401255 0.0303742408878565 2.87512043993888 2.96001927152167
0.205660777009447 0.0306781026098532 2.88012898453698 2.96573124285562
0.157140544509163 0.0279228191145059 2.86803668212673 2.95226301720901
0.178810494864983 0.0297420707080555 2.87368159851758 2.95804258626993
0.234542897778164 0.0296088892638971 2.88602046602248 2.97328895380884
0.158635597530669 0.027676242109818 2.86332053934104 2.9531986214523
0.222346325351483 0.0321122052943109 2.88607768866837 2.96976494304407
0.157140544509163 0.0279228191145059 2.86803668212673 2.95226301720901
0.184034610401255 0.0303742408878565 2.87512043993888 2.96001927152167
0.205660777009447 0.0306781026098532 2.88012898453698 2.96573124285562
0.234542897778164 0.0296088892638971 2.88602046602248 2.97328895380884
0.189098232262982 0.028471954539262 2.86806585070665 2.96136910347817
0.177303905804164 0.0309070161087905 2.87185681913138 2.95816466590201
0.178810494864983 0.0297420707080555 2.87368159851758 2.95804258626993
0.149943059500272 0.0291503755293488 2.86199932099234 2.95077554521803
0.177303905804164 0.0309070161087905 2.87185681913138 2.95816466590201
0.222346325351483 0.0321122052943109 2.88607768866837 2.96976494304407
0.178810494864983 0.0297420707080555 2.87368159851758 2.95804258626993
0.184034610401255 0.0303742408878565 2.87512043993888 2.96001927152167
0.157140544509163 0.0279228191145059 2.86803668212673 2.95226301720901
0.234542897778164 0.0296088892638971 2.88602046602248 2.97328895380884
0.158635597530669 0.027676242109818 2.86332053934104 2.9531986214523
0.189098232262982 0.028471954539262 2.86806585070665 2.96136910347817
0.149943059500272 0.0291503755293488 2.86199932099234 2.95077554521803
0.205660777009447 0.0306781026098532 2.88012898453698 2.96573124285562
0.222346325351483 0.0321122052943109 2.88607768866837 2.96976494304407
0.149943059500272 0.0291503755293488 2.86199932099234 2.95077554521803
0.189098232262982 0.028471954539262 2.86806585070665 2.96136910347817
0.178810494864983 0.0297420707080555 2.87368159851758 2.95804258626993
0.234542897778164 0.0296088892638971 2.88602046602248 2.97328895380884
0.158635597530669 0.027676242109818 2.86332053934104 2.9531986214523
0.157140544509163 0.0279228191145059 2.86803668212673 2.95226301720901
0.177303905804164 0.0309070161087905 2.87185681913138 2.95816466590201
0.205660777009447 0.0306781026098532 2.88012898453698 2.96573124285562
0.184034610401255 0.0303742408878565 2.87512043993888 2.96001927152167
0.184034610401255 0.0303742408878565 2.87512043993888 2.96001927152167
0.149943059500272 0.0291503755293488 2.86199932099234 2.95077554521803
0.158635597530669 0.027676242109818 2.86332053934104 2.9531986214523
0.205660777009447 0.0306781026098532 2.88012898453698 2.96573124285562
0.157140544509163 0.0279228191145059 2.86803668212673 2.95226301720901
0.222346325351483 0.0321122052943109 2.88607768866837 2.96976494304407
0.189098232262982 0.028471954539262 2.86806585070665 2.96136910347817
0.178810494864983 0.0297420707080555 2.87368159851758 2.95804258626993
0.177303905804164 0.0309070161087905 2.87185681913138 2.95816466590201
0.234542897778164 0.0296088892638971 2.88602046602248 2.97328895380884
0.234542897778164 0.0296088892638971 2.88602046602248 2.97328895380884
0.149943059500272 0.0291503755293488 2.86199932099234 2.95077554521803
0.178810494864983 0.0297420707080555 2.87368159851758 2.95804258626993
0.158635597530669 0.027676242109818 2.86332053934104 2.9531986214523
0.222346325351483 0.0321122052943109 2.88607768866837 2.96976494304407
0.189098232262982 0.028471954539262 2.86806585070665 2.96136910347817
0.157140544509163 0.0279228191145059 2.86803668212673 2.95226301720901
0.205660777009447 0.0306781026098532 2.88012898453698 2.96573124285562
0.177303905804164 0.0309070161087905 2.87185681913138 2.95816466590201
0.184034610401255 0.0303742408878565 2.87512043993888 2.96001927152167
0.189098232262982 0.028471954539262 2.86806585070665 2.96136910347817
0.205660777009447 0.0306781026098532 2.88012898453698 2.96573124285562
0.234542897778164 0.0296088892638971 2.88602046602248 2.97328895380884
0.184034610401255 0.0303742408878565 2.87512043993888 2.96001927152167
0.157140544509163 0.0279228191145059 2.86803668212673 2.95226301720901
0.177303905804164 0.0309070161087905 2.87185681913138 2.95816466590201
0.158635597530669 0.027676242109818 2.86332053934104 2.9531986214523
0.149943059500272 0.0291503755293488 2.86199932099234 2.95077554521803
0.178810494864983 0.0297420707080555 2.87368159851758 2.95804258626993
0.222346325351483 0.0321122052943109 2.88607768866837 2.96976494304407
0.222346325351483 0.0321122052943109 2.88607768866837 2.96976494304407
0.177303905804164 0.0309070161087905 2.87185681913138 2.95816466590201
0.178810494864983 0.0297420707080555 2.87368159851758 2.95804258626993
0.184034610401255 0.0303742408878565 2.87512043993888 2.96001927152167
0.157140544509163 0.0279228191145059 2.86803668212673 2.95226301720901
0.189098232262982 0.028471954539262 2.86806585070665 2.96136910347817
0.158635597530669 0.027676242109818 2.86332053934104 2.9531986214523
0.205660777009447 0.0306781026098532 2.88012898453698 2.96573124285562
0.149943059500272 0.0291503755293488 2.86199932099234 2.95077554521803
0.234542897778164 0.0296088892638971 2.88602046602248 2.97328895380884
0.222346325351483 0.0321122052943109 2.88607768866837 2.96976494304407
0.184034610401255 0.0303742408878565 2.87512043993888 2.96001927152167
0.189098232262982 0.028471954539262 2.86806585070665 2.96136910347817
0.234542897778164 0.0296088892638971 2.88602046602248 2.97328895380884
0.178810494864983 0.0297420707080555 2.87368159851758 2.95804258626993
0.205660777009447 0.0306781026098532 2.88012898453698 2.96573124285562
0.157140544509163 0.0279228191145059 2.86803668212673 2.95226301720901
0.177303905804164 0.0309070161087905 2.87185681913138 2.95816466590201
0.149943059500272 0.0291503755293488 2.86199932099234 2.95077554521803
0.158635597530669 0.027676242109818 2.86332053934104 2.9531986214523
0.189098232262982 0.028471954539262 2.86806585070665 2.96136910347817
0.177303905804164 0.0309070161087905 2.87185681913138 2.95816466590201
0.157140544509163 0.0279228191145059 2.86803668212673 2.95226301720901
0.184034610401255 0.0303742408878565 2.87512043993888 2.96001927152167
0.149943059500272 0.0291503755293488 2.86199932099234 2.95077554521803
0.178810494864983 0.0297420707080555 2.87368159851758 2.95804258626993
0.205660777009447 0.0306781026098532 2.88012898453698 2.96573124285562
0.234542897778164 0.0296088892638971 2.88602046602248 2.97328895380884
0.222346325351483 0.0321122052943109 2.88607768866837 2.96976494304407
0.158635597530669 0.027676242109818 2.86332053934104 2.9531986214523
0.205660777009447 0.0306781026098532 2.88012898453698 2.96573124285562
0.178810494864983 0.0297420707080555 2.87368159851758 2.95804258626993
0.157140544509163 0.0279228191145059 2.86803668212673 2.95226301720901
0.177303905804164 0.0309070161087905 2.87185681913138 2.95816466590201
0.158635597530669 0.027676242109818 2.86332053934104 2.9531986214523
0.234542897778164 0.0296088892638971 2.88602046602248 2.97328895380884
0.222346325351483 0.0321122052943109 2.88607768866837 2.96976494304407
0.184034610401255 0.0303742408878565 2.87512043993888 2.96001927152167
0.189098232262982 0.028471954539262 2.86806585070665 2.96136910347817
0.149943059500272 0.0291503755293488 2.86199932099234 2.95077554521803
0.184034610401255 0.0303742408878565 2.87512043993888 2.96001927152167
0.189098232262982 0.028471954539262 2.86806585070665 2.96136910347817
0.234542897778164 0.0296088892638971 2.88602046602248 2.97328895380884
0.158635597530669 0.027676242109818 2.86332053934104 2.9531986214523
0.177303905804164 0.0309070161087905 2.87185681913138 2.95816466590201
0.222346325351483 0.0321122052943109 2.88607768866837 2.96976494304407
0.205660777009447 0.0306781026098532 2.88012898453698 2.96573124285562
0.178810494864983 0.0297420707080555 2.87368159851758 2.95804258626993
0.157140544509163 0.0279228191145059 2.86803668212673 2.95226301720901
0.149943059500272 0.0291503755293488 2.86199932099234 2.95077554521803
0.158635597530669 0.027676242109818 2.86332053934104 2.9531986214523
0.157140544509163 0.0279228191145059 2.86803668212673 2.95226301720901
0.177303905804164 0.0309070161087905 2.87185681913138 2.95816466590201
0.205660777009447 0.0306781026098532 2.88012898453698 2.96573124285562
0.184034610401255 0.0303742408878565 2.87512043993888 2.96001927152167
0.149943059500272 0.0291503755293488 2.86199932099234 2.95077554521803
0.222346325351483 0.0321122052943109 2.88607768866837 2.96976494304407
0.189098232262982 0.028471954539262 2.86806585070665 2.96136910347817
0.178810494864983 0.0297420707080555 2.87368159851758 2.95804258626993
0.234542897778164 0.0296088892638971 2.88602046602248 2.97328895380884
0.222346325351483 0.0321122052943109 2.88607768866837 2.96976494304407
0.184034610401255 0.0303742408878565 2.87512043993888 2.96001927152167
0.178810494864983 0.0297420707080555 2.87368159851758 2.95804258626993
0.157140544509163 0.0279228191145059 2.86803668212673 2.95226301720901
0.189098232262982 0.028471954539262 2.86806585070665 2.96136910347817
0.158635597530669 0.027676242109818 2.86332053934104 2.9531986214523
0.205660777009447 0.0306781026098532 2.88012898453698 2.96573124285562
0.149943059500272 0.0291503755293488 2.86199932099234 2.95077554521803
0.234542897778164 0.0296088892638971 2.88602046602248 2.97328895380884
0.177303905804164 0.0309070161087905 2.87185681913138 2.95816466590201
0.189098232262982 0.028471954539262 2.86806585070665 2.96136910347817
0.222346325351483 0.0321122052943109 2.88607768866837 2.96976494304407
0.205660777009447 0.0306781026098532 2.88012898453698 2.96573124285562
0.178810494864983 0.0297420707080555 2.87368159851758 2.95804258626993
0.184034610401255 0.0303742408878565 2.87512043993888 2.96001927152167
0.234542897778164 0.0296088892638971 2.88602046602248 2.97328895380884
0.157140544509163 0.0279228191145059 2.86803668212673 2.95226301720901
0.149943059500272 0.0291503755293488 2.86199932099234 2.95077554521803
0.177303905804164 0.0309070161087905 2.87185681913138 2.95816466590201
0.158635597530669 0.027676242109818 2.86332053934104 2.9531986214523
0.234542897778164 0.0296088892638971 2.88602046602248 2.97328895380884
0.184034610401255 0.0303742408878565 2.87512043993888 2.96001927152167
0.189098232262982 0.028471954539262 2.86806585070665 2.96136910347817
0.222346325351483 0.0321122052943109 2.88607768866837 2.96976494304407
0.205660777009447 0.0306781026098532 2.88012898453698 2.96573124285562
0.178810494864983 0.0297420707080555 2.87368159851758 2.95804258626993
0.158635597530669 0.027676242109818 2.86332053934104 2.9531986214523
0.149943059500272 0.0291503755293488 2.86199932099234 2.95077554521803
0.157140544509163 0.0279228191145059 2.86803668212673 2.95226301720901
0.177303905804164 0.0309070161087905 2.87185681913138 2.95816466590201
0.149943059500272 0.0291503755293488 2.86199932099234 2.95077554521803
0.177303905804164 0.0309070161087905 2.87185681913138 2.95816466590201
0.189098232262982 0.028471954539262 2.86806585070665 2.96136910347817
0.222346325351483 0.0321122052943109 2.88607768866837 2.96976494304407
0.178810494864983 0.0297420707080555 2.87368159851758 2.95804258626993
0.157140544509163 0.0279228191145059 2.86803668212673 2.95226301720901
0.184034610401255 0.0303742408878565 2.87512043993888 2.96001927152167
0.205660777009447 0.0306781026098532 2.88012898453698 2.96573124285562
0.234542897778164 0.0296088892638971 2.88602046602248 2.97328895380884
0.158635597530669 0.027676242109818 2.86332053934104 2.9531986214523
0.184034610401255 0.0303742408878565 2.87512043993888 2.96001927152167
0.158635597530669 0.027676242109818 2.86332053934104 2.9531986214523
0.178810494864983 0.0297420707080555 2.87368159851758 2.95804258626993
0.177303905804164 0.0309070161087905 2.87185681913138 2.95816466590201
0.222346325351483 0.0321122052943109 2.88607768866837 2.96976494304407
0.205660777009447 0.0306781026098532 2.88012898453698 2.96573124285562
0.189098232262982 0.028471954539262 2.86806585070665 2.96136910347817
0.149943059500272 0.0291503755293488 2.86199932099234 2.95077554521803
0.157140544509163 0.0279228191145059 2.86803668212673 2.95226301720901
0.234542897778164 0.0296088892638971 2.88602046602248 2.97328895380884
0.222346325351483 0.0321122052943109 2.88607768866837 2.96976494304407
0.205660777009447 0.0306781026098532 2.88012898453698 2.96573124285562
0.177303905804164 0.0309070161087905 2.87185681913138 2.95816466590201
0.157140544509163 0.0279228191145059 2.86803668212673 2.95226301720901
0.178810494864983 0.0297420707080555 2.87368159851758 2.95804258626993
0.184034610401255 0.0303742408878565 2.87512043993888 2.96001927152167
0.234542897778164 0.0296088892638971 2.88602046602248 2.97328895380884
0.189098232262982 0.028471954539262 2.86806585070665 2.96136910347817
0.158635597530669 0.027676242109818 2.86332053934104 2.9531986214523
0.149943059500272 0.0291503755293488 2.86199932099234 2.95077554521803
0.222346325351483 0.0321122052943109 2.88607768866837 2.96976494304407
0.184034610401255 0.0303742408878565 2.87512043993888 2.96001927152167
0.189098232262982 0.028471954539262 2.86806585070665 2.96136910347817
0.178810494864983 0.0297420707080555 2.87368159851758 2.95804258626993
0.158635597530669 0.027676242109818 2.86332053934104 2.9531986214523
0.205660777009447 0.0306781026098532 2.88012898453698 2.96573124285562
0.149943059500272 0.0291503755293488 2.86199932099234 2.95077554521803
0.157140544509163 0.0279228191145059 2.86803668212673 2.95226301720901
0.234542897778164 0.0296088892638971 2.88602046602248 2.97328895380884
0.177303905804164 0.0309070161087905 2.87185681913138 2.95816466590201
0.222346325351483 0.0321122052943109 2.88607768866837 2.96976494304407
0.149943059500272 0.0291503755293488 2.86199932099234 2.95077554521803
0.184034610401255 0.0303742408878565 2.87512043993888 2.96001927152167
0.234542897778164 0.0296088892638971 2.88602046602248 2.97328895380884
0.158635597530669 0.027676242109818 2.86332053934104 2.9531986214523
0.157140544509163 0.0279228191145059 2.86803668212673 2.95226301720901
0.189098232262982 0.028471954539262 2.86806585070665 2.96136910347817
0.178810494864983 0.0297420707080555 2.87368159851758 2.95804258626993
0.205660777009447 0.0306781026098532 2.88012898453698 2.96573124285562
0.177303905804164 0.0309070161087905 2.87185681913138 2.95816466590201
0.157140544509163 0.0279228191145059 2.86803668212673 2.95226301720901
0.177303905804164 0.0309070161087905 2.87185681913138 2.95816466590201
0.178810494864983 0.0297420707080555 2.87368159851758 2.95804258626993
0.205660777009447 0.0306781026098532 2.88012898453698 2.96573124285562
0.184034610401255 0.0303742408878565 2.87512043993888 2.96001927152167
0.222346325351483 0.0321122052943109 2.88607768866837 2.96976494304407
0.158635597530669 0.027676242109818 2.86332053934104 2.9531986214523
0.149943059500272 0.0291503755293488 2.86199932099234 2.95077554521803
0.234542897778164 0.0296088892638971 2.88602046602248 2.97328895380884
0.189098232262982 0.028471954539262 2.86806585070665 2.96136910347817
0.234542897778164 0.0296088892638971 2.88602046602248 2.97328895380884
0.222346325351483 0.0321122052943109 2.88607768866837 2.96976494304407
0.205660777009447 0.0306781026098532 2.88012898453698 2.96573124285562
0.184034610401255 0.0303742408878565 2.87512043993888 2.96001927152167
0.157140544509163 0.0279228191145059 2.86803668212673 2.95226301720901
0.178810494864983 0.0297420707080555 2.87368159851758 2.95804258626993
0.158635597530669 0.027676242109818 2.86332053934104 2.9531986214523
0.149943059500272 0.0291503755293488 2.86199932099234 2.95077554521803
0.177303905804164 0.0309070161087905 2.87185681913138 2.95816466590201
0.189098232262982 0.028471954539262 2.86806585070665 2.96136910347817
0.189098232262982 0.028471954539262 2.86806585070665 2.96136910347817
0.234542897778164 0.0296088892638971 2.88602046602248 2.97328895380884
0.177303905804164 0.0309070161087905 2.87185681913138 2.95816466590201
0.184034610401255 0.0303742408878565 2.87512043993888 2.96001927152167
0.158635597530669 0.027676242109818 2.86332053934104 2.9531986214523
0.205660777009447 0.0306781026098532 2.88012898453698 2.96573124285562
0.178810494864983 0.0297420707080555 2.87368159851758 2.95804258626993
0.222346325351483 0.0321122052943109 2.88607768866837 2.96976494304407
0.149943059500272 0.0291503755293488 2.86199932099234 2.95077554521803
0.157140544509163 0.0279228191145059 2.86803668212673 2.95226301720901
0.234542897778164 0.0296088892638971 2.88602046602248 2.97328895380884
0.149943059500272 0.0291503755293488 2.86199932099234 2.95077554521803
0.177303905804164 0.0309070161087905 2.87185681913138 2.95816466590201
0.157140544509163 0.0279228191145059 2.86803668212673 2.95226301720901
0.158635597530669 0.027676242109818 2.86332053934104 2.9531986214523
0.205660777009447 0.0306781026098532 2.88012898453698 2.96573124285562
0.184034610401255 0.0303742408878565 2.87512043993888 2.96001927152167
0.222346325351483 0.0321122052943109 2.88607768866837 2.96976494304407
0.178810494864983 0.0297420707080555 2.87368159851758 2.95804258626993
0.189098232262982 0.028471954539262 2.86806585070665 2.96136910347817
0.158635597530669 0.027676242109818 2.86332053934104 2.9531986214523
0.149943059500272 0.0291503755293488 2.86199932099234 2.95077554521803
0.189098232262982 0.028471954539262 2.86806585070665 2.96136910347817
0.178810494864983 0.0297420707080555 2.87368159851758 2.95804258626993
0.222346325351483 0.0321122052943109 2.88607768866837 2.96976494304407
0.157140544509163 0.0279228191145059 2.86803668212673 2.95226301720901
0.234542897778164 0.0296088892638971 2.88602046602248 2.97328895380884
0.205660777009447 0.0306781026098532 2.88012898453698 2.96573124285562
0.177303905804164 0.0309070161087905 2.87185681913138 2.95816466590201
0.184034610401255 0.0303742408878565 2.87512043993888 2.96001927152167
0.177303905804164 0.0309070161087905 2.87185681913138 2.95816466590201
0.189098232262982 0.028471954539262 2.86806585070665 2.96136910347817
0.178810494864983 0.0297420707080555 2.87368159851758 2.95804258626993
0.149943059500272 0.0291503755293488 2.86199932099234 2.95077554521803
0.234542897778164 0.0296088892638971 2.88602046602248 2.97328895380884
0.158635597530669 0.027676242109818 2.86332053934104 2.9531986214523
0.157140544509163 0.0279228191145059 2.86803668212673 2.95226301720901
0.205660777009447 0.0306781026098532 2.88012898453698 2.96573124285562
0.184034610401255 0.0303742408878565 2.87512043993888 2.96001927152167
0.222346325351483 0.0321122052943109 2.88607768866837 2.96976494304407
0.157140544509163 0.0279228191145059 2.86803668212673 2.95226301720901
0.189098232262982 0.028471954539262 2.86806585070665 2.96136910347817
0.184034610401255 0.0303742408878565 2.87512043993888 2.96001927152167
0.149943059500272 0.0291503755293488 2.86199932099234 2.95077554521803
0.234542897778164 0.0296088892638971 2.88602046602248 2.97328895380884
0.178810494864983 0.0297420707080555 2.87368159851758 2.95804258626993
0.222346325351483 0.0321122052943109 2.88607768866837 2.96976494304407
0.177303905804164 0.0309070161087905 2.87185681913138 2.95816466590201
0.205660777009447 0.0306781026098532 2.88012898453698 2.96573124285562
0.158635597530669 0.027676242109818 2.86332053934104 2.9531986214523
0.205660777009447 0.0306781026098532 2.88012898453698 2.96573124285562
0.149943059500272 0.0291503755293488 2.86199932099234 2.95077554521803
0.222346325351483 0.0321122052943109 2.88607768866837 2.96976494304407
0.184034610401255 0.0303742408878565 2.87512043993888 2.96001927152167
0.178810494864983 0.0297420707080555 2.87368159851758 2.95804258626993
0.177303905804164 0.0309070161087905 2.87185681913138 2.95816466590201
0.234542897778164 0.0296088892638971 2.88602046602248 2.97328895380884
0.158635597530669 0.027676242109818 2.86332053934104 2.9531986214523
0.157140544509163 0.0279228191145059 2.86803668212673 2.95226301720901
0.189098232262982 0.028471954539262 2.86806585070665 2.96136910347817
0.184034610401255 0.0303742408878565 2.87512043993888 2.96001927152167
0.157140544509163 0.0279228191145059 2.86803668212673 2.95226301720901
0.149943059500272 0.0291503755293488 2.86199932099234 2.95077554521803
0.222346325351483 0.0321122052943109 2.88607768866837 2.96976494304407
0.178810494864983 0.0297420707080555 2.87368159851758 2.95804258626993
0.205660777009447 0.0306781026098532 2.88012898453698 2.96573124285562
0.189098232262982 0.028471954539262 2.86806585070665 2.96136910347817
0.234542897778164 0.0296088892638971 2.88602046602248 2.97328895380884
0.158635597530669 0.027676242109818 2.86332053934104 2.9531986214523
0.177303905804164 0.0309070161087905 2.87185681913138 2.95816466590201
0.157140544509163 0.0279228191145059 2.86803668212673 2.95226301720901
0.189098232262982 0.028471954539262 2.86806585070665 2.96136910347817
0.158635597530669 0.027676242109818 2.86332053934104 2.9531986214523
0.184034610401255 0.0303742408878565 2.87512043993888 2.96001927152167
0.177303905804164 0.0309070161087905 2.87185681913138 2.95816466590201
0.205660777009447 0.0306781026098532 2.88012898453698 2.96573124285562
0.234542897778164 0.0296088892638971 2.88602046602248 2.97328895380884
0.149943059500272 0.0291503755293488 2.86199932099234 2.95077554521803
0.222346325351483 0.0321122052943109 2.88607768866837 2.96976494304407
0.178810494864983 0.0297420707080555 2.87368159851758 2.95804258626993
0.222346325351483 0.0321122052943109 2.88607768866837 2.96976494304407
0.157140544509163 0.0279228191145059 2.86803668212673 2.95226301720901
0.149943059500272 0.0291503755293488 2.86199932099234 2.95077554521803
0.234542897778164 0.0296088892638971 2.88602046602248 2.97328895380884
0.158635597530669 0.027676242109818 2.86332053934104 2.9531986214523
0.178810494864983 0.0297420707080555 2.87368159851758 2.95804258626993
0.205660777009447 0.0306781026098532 2.88012898453698 2.96573124285562
0.177303905804164 0.0309070161087905 2.87185681913138 2.95816466590201
0.184034610401255 0.0303742408878565 2.87512043993888 2.96001927152167
0.189098232262982 0.028471954539262 2.86806585070665 2.96136910347817
0.234542897778164 0.0296088892638971 2.88602046602248 2.97328895380884
0.177303905804164 0.0309070161087905 2.87185681913138 2.95816466590201
0.189098232262982 0.028471954539262 2.86806585070665 2.96136910347817
0.222346325351483 0.0321122052943109 2.88607768866837 2.96976494304407
0.157140544509163 0.0279228191145059 2.86803668212673 2.95226301720901
0.178810494864983 0.0297420707080555 2.87368159851758 2.95804258626993
0.149943059500272 0.0291503755293488 2.86199932099234 2.95077554521803
0.184034610401255 0.0303742408878565 2.87512043993888 2.96001927152167
0.205660777009447 0.0306781026098532 2.88012898453698 2.96573124285562
0.158635597530669 0.027676242109818 2.86332053934104 2.9531986214523
0.158635597530669 0.027676242109818 2.86332053934104 2.9531986214523
0.157140544509163 0.0279228191145059 2.86803668212673 2.95226301720901
0.205660777009447 0.0306781026098532 2.88012898453698 2.96573124285562
0.234542897778164 0.0296088892638971 2.88602046602248 2.97328895380884
0.177303905804164 0.0309070161087905 2.87185681913138 2.95816466590201
0.189098232262982 0.028471954539262 2.86806585070665 2.96136910347817
0.222346325351483 0.0321122052943109 2.88607768866837 2.96976494304407
0.184034610401255 0.0303742408878565 2.87512043993888 2.96001927152167
0.149943059500272 0.0291503755293488 2.86199932099234 2.95077554521803
0.178810494864983 0.0297420707080555 2.87368159851758 2.95804258626993
