0.190497422509383 0.0691387794032079 2.89982112055807 2.98200983489636
0.200985598554036 0.066962210963509 2.90381120705631 2.98467038858768
0.176434792397159 0.0696454100964654 2.89880130136514 2.97814630220537
0.186685124338262 0.0739729860016838 2.90173091315572 2.98091882595705
0.181525574974855 0.0715404396131195 2.90102603886135 2.9790907489679
0.185496543940662 0.0688364104697233 2.90168100763162 2.98048141387285
0.18826052671441 0.070136469197437 2.90049952230839 2.98131619252412
0.206319568285135 0.0713035481025915 2.90953933640252 2.98603387469745
0.183421638351228 0.0669850492376088 2.9016988928731 2.97953678435248
0.163731693888834 0.0651888855162253 2.89827539848027 2.9742779024627
0.176434792397159 0.0696454100964654 2.89880130136514 2.97814630220537
0.190497422509383 0.0691387794032079 2.89982112055807 2.98200983489636
0.18826052671441 0.070136469197437 2.90049952230839 2.98131619252412
0.163731693888834 0.0651888855162253 2.89827539848027 2.9742779024627
0.200985598554036 0.066962210963509 2.90381120705631 2.98467038858768
0.181525574974855 0.0715404396131195 2.90102603886135 2.9790907489679
0.185496543940662 0.0688364104697233 2.90168100763162 2.98048141387285
0.186685124338262 0.0739729860016838 2.90173091315572 2.98091882595705
0.183421638351228 0.0669850492376088 2.9016988928731 2.97953678435248
0.206319568285135 0.0713035481025915 2.90953933640252 2.98603387469745
0.190497422509383 0.0691387794032079 2.89982112055807 2.98200983489636
0.186685124338262 0.0739729860016838 2.90173091315572 2.98091882595705
0.181525574974855 0.0715404396131195 2.90102603886135 2.9790907489679
0.200985598554036 0.066962210963509 2.90381120705631 2.98467038858768
0.176434792397159 0.0696454100964654 2.89880130136514 2.97814630220537
0.183421638351228 0.0669850492376088 2.9016988928731 2.97953678435248
0.206319568285135 0.0713035481025915 2.90953933640252 2.98603387469745
0.163731693888834 0.0651888855162253 2.89827539848027 2.9742779024627
0.18826052671441 0.070136469197437 2.90049952230839 2.98131619252412
0.185496543940662 0.0688364104697233 2.90168100763162 2.98048141387285
0.181525574974855 0.0715404396131195 2.90102603886135 2.9790907489679
0.176434792397159 0.0696454100964654 2.89880130136514 2.97814630220537
0.18826052671441 0.070136469197437 2.90049952230839 2.98131619252412
0.190497422509383 0.0691387794032079 2.89982112055807 2.98200983489636
0.200985598554036 0.066962210963509 2.90381120705631 2.98467038858768
0.186685124338262 0.0739729860016838 2.90173091315572 2.98091882595705
0.206319568285135 0.0713035481025915 2.90953933640252 2.98603387469745
0.185496543940662 0.0688364104697233 2.90168100763162 2.98048141387285
0.163731693888834 0.0651888855162253 2.89827539848027 2.9742779024627
0.183421638351228 0.0669850492376088 2.9016988928731 2.97953678435248
0.186685124338262 0.0739729860016838 2.90173091315572 2.98091882595705
0.163731693888834 0.0651888855162253 2.89827539848027 2.9742779024627
0.190497422509383 0.0691387794032079 2.89982112055807 2.98200983489636
0.200985598554036 0.066962210963509 2.90381120705631 2.98467038858768
0.18826052671441 0.070136469197437 2.90049952230839 2.98131619252412
0.181525574974855 0.0715404396131195 2.90102603886135 2.9790907489679
0.183421638351228 0.0669850492376088 2.9016988928731 2.97953678435248
0.176434792397159 0.0696454100964654 2.89880130136514 2.97814630220537
0.206319568285135 0.0713035481025915 2.90953933640252 2.98603387469745
0.185496543940662 0.0688364104697233 2.90168100763162 2.98048141387285
0.206319568285135 0.0713035481025915 2.90953933640252 2.98603387469745
0.186685124338262 0.0739729860016838 2.90173091315572 2.98091882595705
0.181525574974855 0.0715404396131195 2.90102603886135 2.9790907489679
0.200985598554036 0.066962210963509 2.90381120705631 2.98467038858768
0.163731693888834 0.0651888855162253 2.89827539848027 2.9742779024627
0.176434792397159 0.0696454100964654 2.89880130136514 2.97814630220537
0.18826052671441 0.070136469197437 2.90049952230839 2.98131619252412
0.190497422509383 0.0691387794032079 2.89982112055807 2.98200983489636
0.185496543940662 0.0688364104697233 2.90168100763162 2.98048141387285
0.183421638351228 0.0669850492376088 2.9016988928731 2.97953678435248
0.185496543940662 0.0688364104697233 2.90168100763162 2.98048141387285
0.181525574974855 0.0715404396131195 2.90102603886135 2.9790907489679
0.176434792397159 0.0696454100964654 2.89880130136514 2.97814630220537
0.206319568285135 0.0713035481025915 2.90953933640252 2.98603387469745
0.190497422509383 0.0691387794032079 2.89982112055807 2.98200983489636
0.183421638351228 0.0669850492376088 2.9016988928731 2.97953678435248
0.200985598554036 0.066962210963509 2.90381120705631 2.98467038858768
0.186685124338262 0.0739729860016838 2.90173091315572 2.98091882595705
0.163731693888834 0.0651888855162253 2.89827539848027 2.9742779024627
0.18826052671441 0.070136469197437 2.90049952230839 2.98131619252412
0.200985598554036 0.066962210963509 2.90381120705631 2.98467038858768
0.186685124338262 0.0739729860016838 2.90173091315572 2.98091882595705
0.176434792397159 0.0696454100964654 2.89880130136514 2.97814630220537
0.181525574974855 0.0715404396131195 2.90102603886135 2.9790907489679
0.190497422509383 0.0691387794032079 2.89982112055807 2.98200983489636
0.183421638351228 0.0669850492376088 2.9016988928731 2.97953678435248
0.206319568285135 0.0713035481025915 2.90953933640252 2.98603387469745
0.185496543940662 0.0688364104697233 2.90168100763162 2.98048141387285
0.18826052671441 0.070136469197437 2.90049952230839 2.98131619252412
0.163731693888834 0.0651888855162253 2.89827539848027 2.9742779024627
0.185496543940662 0.0688364104697233 2.90168100763162 2.98048141387285
0.183421638351228 0.0669850492376088 2.9016988928731 2.97953678435248
0.181525574974855 0.0715404396131195 2.90102603886135 2.9790907489679
0.176434792397159 0.0696454100964654 2.89880130136514 2.97814630220537
0.206319568285135 0.0713035481025915 2.90953933640252 2.98603387469745
0.186685124338262 0.0739729860016838 2.90173091315572 2.98091882595705
0.200985598554036 0.066962210963509 2.90381120705631 2.98467038858768
0.163731693888834 0.0651888855162253 2.89827539848027 2.9742779024627
0.18826052671441 0.070136469197437 2.90049952230839 2.98131619252412
0.190497422509383 0.0691387794032079 2.89982112055807 2.98200983489636
0.200985598554036 0.066962210963509 2.90381120705631 2.98467038858768
0.190497422509383 0.0691387794032079 2.89982112055807 2.98200983489636
0.176434792397159 0.0696454100964654 2.89880130136514 2.97814630220537
0.183421638351228 0.0669850492376088 2.9016988928731 2.97953678435248
0.18826052671441 0.070136469197437 2.90049952230839 2.98131619252412
0.185496543940662 0.0688364104697233 2.90168100763162 2.98048141387285
0.181525574974855 0.0715404396131195 2.90102603886135 2.9790907489679
0.186685124338262 0.0739729860016838 2.90173091315572 2.98091882595705
0.206319568285135 0.0713035481025915 2.90953933640252 2.98603387469745
0.163731693888834 0.0651888855162253 2.89827539848027 2.9742779024627
0.200985598554036 0.066962210963509 2.90381120705631 2.98467038858768
0.206319568285135 0.0713035481025915 2.90953933640252 2.98603387469745
0.185496543940662 0.0688364104697233 2.90168100763162 2.98048141387285
0.181525574974855 0.0715404396131195 2.90102603886135 2.9790907489679
0.186685124338262 0.0739729860016838 2.90173091315572 2.98091882595705
0.190497422509383 0.0691387794032079 2.89982112055807 2.98200983489636
0.183421638351228 0.0669850492376088 2.9016988928731 2.97953678435248
0.176434792397159 0.0696454100964654 2.89880130136514 2.97814630220537
0.163731693888834 0.0651888855162253 2.89827539848027 2.9742779024627
0.18826052671441 0.070136469197437 2.90049952230839 2.98131619252412
0.176434792397159 0.0696454100964654 2.89880130136514 2.97814630220537
0.185496543940662 0.0688364104697233 2.90168100763162 2.98048141387285
0.183421638351228 0.0669850492376088 2.9016988928731 2.97953678435248
0.200985598554036 0.066962210963509 2.90381120705631 2.98467038858768
0.18826052671441 0.070136469197437 2.90049952230839 2.98131619252412
0.206319568285135 0.0713035481025915 2.90953933640252 2.98603387469745
0.181525574974855 0.0715404396131195 2.90102603886135 2.9790907489679
0.163731693888834 0.0651888855162253 2.89827539848027 2.9742779024627
0.190497422509383 0.0691387794032079 2.89982112055807 2.98200983489636
0.186685124338262 0.0739729860016838 2.90173091315572 2.98091882595705
0.185496543940662 0.0688364104697233 2.90168100763162 2.98048141387285
0.163731693888834 0.0651888855162253 2.89827539848027 2.9742779024627
0.206319568285135 0.0713035481025915 2.90953933640252 2.98603387469745
0.190497422509383 0.0691387794032079 2.89982112055807 2.98200983489636
0.186685124338262 0.0739729860016838 2.90173091315572 2.98091882595705
0.18826052671441 0.070136469197437 2.90049952230839 2.98131619252412
0.200985598554036 0.066962210963509 2.90381120705631 2.98467038858768
0.181525574974855 0.0715404396131195 2.90102603886135 2.9790907489679
0.183421638351228 0.0669850492376088 2.9016988928731 2.97953678435248
0.176434792397159 0.0696454100964654 2.89880130136514 2.97814630220537
0.18826052671441 0.070136469197437 2.90049952230839 2.98131619252412
0.183421638351228 0.0669850492376088 2.9016988928731 2.97953678435248
0.200985598554036 0.066962210963509 2.90381120705631 2.98467038858768
0.163731693888834 0.0651888855162253 2.89827539848027 2.9742779024627
0.206319568285135 0.0713035481025915 2.90953933640252 2.98603387469745
0.185496543940662 0.0688364104697233 2.90168100763162 2.98048141387285
0.190497422509383 0.0691387794032079 2.89982112055807 2.98200983489636
0.176434792397159 0.0696454100964654 2.89880130136514 2.97814630220537
0.181525574974855 0.0715404396131195 2.90102603886135 2.9790907489679
0.186685124338262 0.0739729860016838 2.90173091315572 2.98091882595705
0.183421638351228 0.0669850492376088 2.9016988928731 2.97953678435248
0.200985598554036 0.066962210963509 2.90381120705631 2.98467038858768
0.176434792397159 0.0696454100964654 2.89880130136514 2.97814630220537
0.206319568285135 0.0713035481025915 2.90953933640252 2.98603387469745
0.185496543940662 0.0688364104697233 2.90168100763162 2.98048141387285
0.18826052671441 0.070136469197437 2.90049952230839 2.98131619252412
0.186685124338262 0.0739729860016838 2.90173091315572 2.98091882595705
0.190497422509383 0.0691387794032079 2.89982112055807 2.98200983489636
0.181525574974855 0.0715404396131195 2.90102603886135 2.9790907489679
0.163731693888834 0.0651888855162253 2.89827539848027 2.9742779024627
0.206319568285135 0.0713035481025915 2.90953933640252 2.98603387469745
0.183421638351228 0.0669850492376088 2.9016988928731 2.97953678435248
0.181525574974855 0.0715404396131195 2.90102603886135 2.9790907489679
0.186685124338262 0.0739729860016838 2.90173091315572 2.98091882595705
0.200985598554036 0.066962210963509 2.90381120705631 2.98467038858768
0.185496543940662 0.0688364104697233 2.90168100763162 2.98048141387285
0.18826052671441 0.070136469197437 2.90049952230839 2.98131619252412
0.190497422509383 0.0691387794032079 2.89982112055807 2.98200983489636
0.176434792397159 0.0696454100964654 2.89880130136514 2.97814630220537
0.163731693888834 0.0651888855162253 2.89827539848027 2.9742779024627
0.185496543940662 0.0688364104697233 2.90168100763162 2.98048141387285
0.186685124338262 0.0739729860016838 2.90173091315572 2.98091882595705
0.190497422509383 0.0691387794032079 2.89982112055807 2.98200983489636
0.206319568285135 0.0713035481025915 2.90953933640252 2.98603387469745
0.183421638351228 0.0669850492376088 2.9016988928731 2.97953678435248
0.200985598554036 0.066962210963509 2.90381120705631 2.98467038858768
0.181525574974855 0.0715404396131195 2.90102603886135 2.9790907489679
0.18826052671441 0.070136469197437 2.90049952230839 2.98131619252412
0.163731693888834 0.0651888855162253 2.89827539848027 2.9742779024627
0.176434792397159 0.0696454100964654 2.89880130136514 2.97814630220537
0.206319568285135 0.0713035481025915 2.90953933640252 2.98603387469745
0.200985598554036 0.066962210963509 2.90381120705631 2.98467038858768
0.163731693888834 0.0651888855162253 2.89827539848027 2.9742779024627
0.176434792397159 0.0696454100964654 2.89880130136514 2.97814630220537
0.190497422509383 0.0691387794032079 2.89982112055807 2.98200983489636
0.186685124338262 0.0739729860016838 2.90173091315572 2.98091882595705
0.185496543940662 0.0688364104697233 2.90168100763162 2.98048141387285
0.181525574974855 0.0715404396131195 2.90102603886135 2.9790907489679
0.18826052671441 0.070136469197437 2.90049952230839 2.98131619252412
0.183421638351228 0.0669850492376088 2.9016988928731 2.97953678435248
0.206319568285135 0.0713035481025915 2.90953933640252 2.98603387469745
0.190497422509383 0.0691387794032079 2.89982112055807 2.98200983489636
0.176434792397159 0.0696454100964654 2.89880130136514 2.97814630220537
0.185496543940662 0.0688364104697233 2.90168100763162 2.98048141387285
0.200985598554036 0.066962210963509 2.90381120705631 2.98467038858768
0.183421638351228 0.0669850492376088 2.9016988928731 2.97953678435248
0.18826052671441 0.070136469197437 2.90049952230839 2.98131619252412
0.163731693888834 0.0651888855162253 2.89827539848027 2.9742779024627
0.181525574974855 0.0715404396131195 2.90102603886135 2.9790907489679
0.186685124338262 0.0739729860016838 2.90173091315572 2.98091882595705
0.206319568285135 0.0713035481025915 2.90953933640252 2.98603387469745
0.185496543940662 0.0688364104697233 2.90168100763162 2.98048141387285
0.18826052671441 0.070136469197437 2.90049952230839 2.98131619252412
0.200985598554036 0.066962210963509 2.90381120705631 2.98467038858768
0.176434792397159 0.0696454100964654 2.89880130136514 2.97814630220537
0.163731693888834 0.0651888855162253 2.89827539848027 2.9742779024627
0.183421638351228 0.0669850492376088 2.9016988928731 2.97953678435248
0.190497422509383 0.0691387794032079 2.89982112055807 2.98200983489636
0.186685124338262 0.0739729860016838 2.90173091315572 2.98091882595705
0.181525574974855 0.0715404396131195 2.90102603886135 2.9790907489679
0.186685124338262 0.0739729860016838 2.90173091315572 2.98091882595705
0.190497422509383 0.0691387794032079 2.89982112055807 2.98200983489636
0.176434792397159 0.0696454100964654 2.89880130136514 2.97814630220537
0.183421638351228 0.0669850492376088 2.9016988928731 2.97953678435248
0.181525574974855 0.0715404396131195 2.90102603886135 2.9790907489679
0.206319568285135 0.0713035481025915 2.90953933640252 2.98603387469745
0.163731693888834 0.0651888855162253 2.89827539848027 2.9742779024627
0.185496543940662 0.0688364104697233 2.90168100763162 2.98048141387285
0.18826052671441 0.070136469197437 2.90049952230839 2.98131619252412
0.200985598554036 0.066962210963509 2.90381120705631 2.98467038858768
0.183421638351228 0.0669850492376088 2.9016988928731 2.97953678435248
0.190497422509383 0.0691387794032079 2.89982112055807 2.98200983489636
0.206319568285135 0.0713035481025915 2.90953933640252 2.98603387469745
0.18826052671441 0.070136469197437 2.90049952230839 2.98131619252412
0.181525574974855 0.0715404396131195 2.90102603886135 2.9790907489679
0.163731693888834 0.0651888855162253 2.89827539848027 2.9742779024627
0.176434792397159 0.0696454100964654 2.89880130136514 2.97814630220537
0.185496543940662 0.0688364104697233 2.90168100763162 2.98048141387285
0.186685124338262 0.0739729860016838 2.90173091315572 2.98091882595705
0.200985598554036 0.066962210963509 2.90381120705631 2.98467038858768
0.186685124338262 0.0739729860016838 2.90173091315572 2.98091882595705
0.163731693888834 0.0651888855162253 2.89827539848027 2.9742779024627
0.176434792397159 0.0696454100964654 2.89880130136514 2.97814630220537
0.190497422509383 0.0691387794032079 2.89982112055807 2.98200983489636
0.181525574974855 0.0715404396131195 2.90102603886135 2.9790907489679
0.185496543940662 0.0688364104697233 2.90168100763162 2.98048141387285
0.183421638351228 0.0669850492376088 2.9016988928731 2.97953678435248
0.200985598554036 0.066962210963509 2.90381120705631 2.98467038858768
0.18826052671441 0.070136469197437 2.90049952230839 2.98131619252412
0.206319568285135 0.0713035481025915 2.90953933640252 2.98603387469745
0.181525574974855 0.0715404396131195 2.90102603886135 2.9790907489679
0.200985598554036 0.066962210963509 2.90381120705631 2.98467038858768
0.163731693888834 0.0651888855162253 2.89827539848027 2.9742779024627
0.185496543940662 0.0688364104697233 2.90168100763162 2.98048141387285
0.190497422509383 0.0691387794032079 2.89982112055807 2.98200983489636
0.206319568285135 0.0713035481025915 2.90953933640252 2.98603387469745
0.18826052671441 0.070136469197437 2.90049952230839 2.98131619252412
0.183421638351228 0.0669850492376088 2.9016988928731 2.97953678435248
0.176434792397159 0.0696454100964654 2.89880130136514 2.97814630220537
0.186685124338262 0.0739729860016838 2.90173091315572 2.98091882595705
0.206319568285135 0.0713035481025915 2.90953933640252 2.98603387469745
0.190497422509383 0.0691387794032079 2.89982112055807 2.98200983489636
0.183421638351228 0.0669850492376088 2.9016988928731 2.97953678435248
0.200985598554036 0.066962210963509 2.90381120705631 2.98467038858768
0.186685124338262 0.0739729860016838 2.90173091315572 2.98091882595705
0.163731693888834 0.0651888855162253 2.89827539848027 2.9742779024627
0.181525574974855 0.0715404396131195 2.90102603886135 2.9790907489679
0.18826052671441 0.070136469197437 2.90049952230839 2.98131619252412
0.176434792397159 0.0696454100964654 2.89880130136514 2.97814630220537
0.185496543940662 0.0688364104697233 2.90168100763162 2.98048141387285
0.186685124338262 0.0739729860016838 2.90173091315572 2.98091882595705
0.181525574974855 0.0715404396131195 2.90102603886135 2.9790907489679
0.176434792397159 0.0696454100964654 2.89880130136514 2.97814630220537
0.183421638351228 0.0669850492376088 2.9016988928731 2.97953678435248
0.163731693888834 0.0651888855162253 2.89827539848027 2.9742779024627
0.206319568285135 0.0713035481025915 2.90953933640252 2.98603387469745
0.190497422509383 0.0691387794032079 2.89982112055807 2.98200983489636
0.185496543940662 0.0688364104697233 2.90168100763162 2.98048141387285
0.200985598554036 0.066962210963509 2.90381120705631 2.98467038858768
0.18826052671441 0.070136469197437 2.90049952230839 2.98131619252412
0.183421638351228 0.0669850492376088 2.9016988928731 2.97953678435248
0.206319568285135 0.0713035481025915 2.90953933640252 2.98603387469745
0.18826052671441 0.070136469197437 2.90049952230839 2.98131619252412
0.190497422509383 0.0691387794032079 2.89982112055807 2.98200983489636
0.176434792397159 0.0696454100964654 2.89880130136514 2.97814630220537
0.163731693888834 0.0651888855162253 2.89827539848027 2.9742779024627
0.181525574974855 0.0715404396131195 2.90102603886135 2.9790907489679
0.200985598554036 0.066962210963509 2.90381120705631 2.98467038858768
0.186685124338262 0.0739729860016838 2.90173091315572 2.98091882595705
0.185496543940662 0.0688364104697233 2.90168100763162 2.98048141387285
0.163731693888834 0.0651888855162253 2.89827539848027 2.9742779024627
0.185496543940662 0.0688364104697233 2.90168100763162 2.98048141387285
0.176434792397159 0.0696454100964654 2.89880130136514 2.97814630220537
0.200985598554036 0.066962210963509 2.90381120705631 2.98467038858768
0.190497422509383 0.0691387794032079 2.89982112055807 2.98200983489636
0.186685124338262 0.0739729860016838 2.90173091315572 2.98091882595705
0.183421638351228 0.0669850492376088 2.9016988928731 2.97953678435248
0.181525574974855 0.0715404396131195 2.90102603886135 2.9790907489679
0.206319568285135 0.0713035481025915 2.90953933640252 2.98603387469745
0.18826052671441 0.070136469197437 2.90049952230839 2.98131619252412
0.176434792397159 0.0696454100964654 2.89880130136514 2.97814630220537
0.18826052671441 0.070136469197437 2.90049952230839 2.98131619252412
0.186685124338262 0.0739729860016838 2.90173091315572 2.98091882595705
0.206319568285135 0.0713035481025915 2.90953933640252 2.98603387469745
0.183421638351228 0.0669850492376088 2.9016988928731 2.97953678435248
0.200985598554036 0.066962210963509 2.90381120705631 2.98467038858768
0.181525574974855 0.0715404396131195 2.90102603886135 2.9790907489679
0.190497422509383 0.0691387794032079 2.89982112055807 2.98200983489636
0.185496543940662 0.0688364104697233 2.90168100763162 2.98048141387285
0.163731693888834 0.0651888855162253 2.89827539848027 2.9742779024627
0.176434792397159 0.0696454100964654 2.89880130136514 2.97814630220537
0.186685124338262 0.0739729860016838 2.90173091315572 2.98091882595705
0.181525574974855 0.0715404396131195 2.90102603886135 2.9790907489679
0.190497422509383 0.0691387794032079 2.89982112055807 2.98200983489636
0.183421638351228 0.0669850492376088 2.9016988928731 2.97953678435248
0.18826052671441 0.070136469197437 2.90049952230839 2.98131619252412
0.200985598554036 0.066962210963509 2.90381120705631 2.98467038858768
0.163731693888834 0.0651888855162253 2.89827539848027 2.9742779024627
0.185496543940662 0.0688364104697233 2.90168100763162 2.98048141387285
0.206319568285135 0.0713035481025915 2.90953933640252 2.98603387469745
0.185496543940662 0.0688364104697233 2.90168100763162 2.98048141387285
0.183421638351228 0.0669850492376088 2.9016988928731 2.97953678435248
0.206319568285135 0.0713035481025915 2.90953933640252 2.98603387469745
0.200985598554036 0.066962210963509 2.90381120705631 2.98467038858768
0.181525574974855 0.0715404396131195 2.90102603886135 2.9790907489679
0.190497422509383 0.0691387794032079 2.89982112055807 2.98200983489636
0.18826052671441 0.070136469197437 2.90049952230839 2.98131619252412
0.163731693888834 0.0651888855162253 2.89827539848027 2.9742779024627
0.176434792397159 0.0696454100964654 2.89880130136514 2.97814630220537
0.186685124338262 0.0739729860016838 2.90173091315572 2.98091882595705
0.186685124338262 0.0739729860016838 2.90173091315572 2.98091882595705
0.190497422509383 0.0691387794032079 2.89982112055807 2.98200983489636
0.181525574974855 0.0715404396131195 2.90102603886135 2.9790907489679
0.163731693888834 0.0651888855162253 2.89827539848027 2.9742779024627
0.200985598554036 0.066962210963509 2.90381120705631 2.98467038858768
0.185496543940662 0.0688364104697233 2.90168100763162 2.98048141387285
0.18826052671441 0.070136469197437 2.90049952230839 2.98131619252412
0.183421638351228 0.0669850492376088 2.9016988928731 2.97953678435248
0.206319568285135 0.0713035481025915 2.90953933640252 2.98603387469745
0.176434792397159 0.0696454100964654 2.89880130136514 2.97814630220537
0.185496543940662 0.0688364104697233 2.90168100763162 2.98048141387285
0.200985598554036 0.066962210963509 2.90381120705631 2.98467038858768
0.206319568285135 0.0713035481025915 2.90953933640252 2.98603387469745
0.181525574974855 0.0715404396131195 2.90102603886135 2.9790907489679
0.183421638351228 0.0669850492376088 2.9016988928731 2.97953678435248
0.186685124338262 0.0739729860016838 2.90173091315572 2.98091882595705
0.176434792397159 0.0696454100964654 2.89880130136514 2.97814630220537
0.163731693888834 0.0651888855162253 2.89827539848027 2.9742779024627
0.190497422509383 0.0691387794032079 2.89982112055807 2.98200983489636
0.18826052671441 0.070136469197437 2.90049952230839 2.98131619252412
0.186685124338262 0.0739729860016838 2.90173091315572 2.98091882595705
0.190497422509383 0.0691387794032079 2.89982112055807 2.98200983489636
0.176434792397159 0.0696454100964654 2.89880130136514 2.97814630220537
0.183421638351228 0.0669850492376088 2.9016988928731 2.97953678435248
0.163731693888834 0.0651888855162253 2.89827539848027 2.9742779024627
0.185496543940662 0.0688364104697233 2.90168100763162 2.98048141387285
0.18826052671441 0.070136469197437 2.90049952230839 2.98131619252412
0.181525574974855 0.0715404396131195 2.90102603886135 2.9790907489679
0.206319568285135 0.0713035481025915 2.90953933640252 2.98603387469745
0.200985598554036 0.066962210963509 2.90381120705631 2.98467038858768
0.190497422509383 0.0691387794032079 2.89982112055807 2.98200983489636
0.163731693888834 0.0651888855162253 2.89827539848027 2.9742779024627
0.176434792397159 0.0696454100964654 2.89880130136514 2.97814630220537
0.18826052671441 0.070136469197437 2.90049952230839 2.98131619252412
0.206319568285135 0.0713035481025915 2.90953933640252 2.98603387469745
0.181525574974855 0.0715404396131195 2.90102603886135 2.9790907489679
0.183421638351228 0.0669850492376088 2.9016988928731 2.97953678435248
0.185496543940662 0.0688364104697233 2.90168100763162 2.98048141387285
0.200985598554036 0.066962210963509 2.90381120705631 2.98467038858768
0.186685124338262 0.0739729860016838 2.90173091315572 2.98091882595705
0.163731693888834 0.0651888855162253 2.89827539848027 2.9742779024627
0.181525574974855 0.0715404396131195 2.90102603886135 2.9790907489679
0.176434792397159 0.0696454100964654 2.89880130136514 2.97814630220537
0.185496543940662 0.0688364104697233 2.90168100763162 2.98048141387285
0.183421638351228 0.0669850492376088 2.9016988928731 2.97953678435248
0.206319568285135 0.0713035481025915 2.90953933640252 2.98603387469745
0.186685124338262 0.0739729860016838 2.90173091315572 2.98091882595705
0.18826052671441 0.070136469197437 2.90049952230839 2.98131619252412
0.200985598554036 0.066962210963509 2.90381120705631 2.98467038858768
0.190497422509383 0.0691387794032079 2.89982112055807 2.98200983489636
0.183421638351228 0.0669850492376088 2.9016988928731 2.97953678435248
0.163731693888834 0.0651888855162253 2.89827539848027 2.9742779024627
0.200985598554036 0.066962210963509 2.90381120705631 2.98467038858768
0.185496543940662 0.0688364104697233 2.90168100763162 2.98048141387285
0.186685124338262 0.0739729860016838 2.90173091315572 2.98091882595705
0.181525574974855 0.0715404396131195 2.90102603886135 2.9790907489679
0.18826052671441 0.070136469197437 2.90049952230839 2.98131619252412
0.190497422509383 0.0691387794032079 2.89982112055807 2.98200983489636
0.176434792397159 0.0696454100964654 2.89880130136514 2.97814630220537
0.206319568285135 0.0713035481025915 2.90953933640252 2.98603387469745
0.183421638351228 0.0669850492376088 2.9016988928731 2.97953678435248
0.206319568285135 0.0713035481025915 2.90953933640252 2.98603387469745
0.18826052671441 0.070136469197437 2.90049952230839 2.98131619252412
0.176434792397159 0.0696454100964654 2.89880130136514 2.97814630220537
0.181525574974855 0.0715404396131195 2.90102603886135 2.9790907489679
0.190497422509383 0.0691387794032079 2.89982112055807 2.98200983489636
0.163731693888834 0.0651888855162253 2.89827539848027 2.9742779024627
0.200985598554036 0.066962210963509 2.90381120705631 2.98467038858768
0.185496543940662 0.0688364104697233 2.90168100763162 2.98048141387285
0.186685124338262 0.0739729860016838 2.90173091315572 2.98091882595705
0.200985598554036 0.066962210963509 2.90381120705631 2.98467038858768
0.185496543940662 0.0688364104697233 2.90168100763162 2.98048141387285
0.163731693888834 0.0651888855162253 2.89827539848027 2.9742779024627
0.18826052671441 0.070136469197437 2.90049952230839 2.98131619252412
0.186685124338262 0.0739729860016838 2.90173091315572 2.98091882595705
0.176434792397159 0.0696454100964654 2.89880130136514 2.97814630220537
0.181525574974855 0.0715404396131195 2.90102603886135 2.9790907489679
0.183421638351228 0.0669850492376088 2.9016988928731 2.97953678435248
0.206319568285135 0.0713035481025915 2.90953933640252 2.98603387469745
0.190497422509383 0.0691387794032079 2.89982112055807 2.98200983489636
0.181525574974855 0.0715404396131195 2.90102603886135 2.9790907489679
0.18826052671441 0.070136469197437 2.90049952230839 2.98131619252412
0.186685124338262 0.0739729860016838 2.90173091315572 2.98091882595705
0.190497422509383 0.0691387794032079 2.89982112055807 2.98200983489636
0.185496543940662 0.0688364104697233 2.90168100763162 2.98048141387285
0.206319568285135 0.0713035481025915 2.90953933640252 2.98603387469745
0.183421638351228 0.0669850492376088 2.9016988928731 2.97953678435248
0.200985598554036 0.066962210963509 2.90381120705631 2.98467038858768
0.176434792397159 0.0696454100964654 2.89880130136514 2.97814630220537
0.163731693888834 0.0651888855162253 2.89827539848027 2.9742779024627
0.176434792397159 0.0696454100964654 2.89880130136514 2.97814630220537
0.206319568285135 0.0713035481025915 2.90953933640252 2.98603387469745
0.185496543940662 0.0688364104697233 2.90168100763162 2.98048141387285
0.183421638351228 0.0669850492376088 2.9016988928731 2.97953678435248
0.163731693888834 0.0651888855162253 2.89827539848027 2.9742779024627
0.186685124338262 0.0739729860016838 2.90173091315572 2.98091882595705
0.190497422509383 0.0691387794032079 2.89982112055807 2.98200983489636
0.181525574974855 0.0715404396131195 2.90102603886135 2.9790907489679
0.18826052671441 0.070136469197437 2.90049952230839 2.98131619252412
0.200985598554036 0.066962210963509 2.90381120705631 2.98467038858768
0.185496543940662 0.0688364104697233 2.90168100763162 2.98048141387285
0.190497422509383 0.0691387794032079 2.89982112055807 2.98200983489636
0.18826052671441 0.070136469197437 2.90049952230839 2.98131619252412
0.163731693888834 0.0651888855162253 2.89827539848027 2.9742779024627
0.176434792397159 0.0696454100964654 2.89880130136514 2.97814630220537
0.183421638351228 0.0669850492376088 2.9016988928731 2.97953678435248
0.181525574974855 0.0715404396131195 2.90102603886135 2.9790907489679
0.200985598554036 0.066962210963509 2.90381120705631 2.98467038858768
0.206319568285135 0.0713035481025915 2.90953933640252 2.98603387469745
0.186685124338262 0.0739729860016838 2.90173091315572 2.98091882595705
0.200985598554036 0.066962210963509 2.90381120705631 2.98467038858768
0.18826052671441 0.070136469197437 2.90049952230839 2.98131619252412
0.183421638351228 0.0669850492376088 2.9016988928731 2.97953678435248
0.190497422509383 0.0691387794032079 2.89982112055807 2.98200983489636
0.206319568285135 0.0713035481025915 2.90953933640252 2.98603387469745
0.163731693888834 0.0651888855162253 2.89827539848027 2.9742779024627
0.181525574974855 0.0715404396131195 2.90102603886135 2.9790907489679
0.186685124338262 0.0739729860016838 2.90173091315572 2.98091882595705
0.185496543940662 0.0688364104697233 2.90168100763162 2.98048141387285
0.176434792397159 0.0696454100964654 2.89880130136514 2.97814630220537
0.176434792397159 0.0696454100964654 2.89880130136514 2.97814630220537
0.181525574974855 0.0715404396131195 2.90102603886135 2.9790907489679
0.183421638351228 0.0669850492376088 2.9016988928731 2.97953678435248
0.185496543940662 0.0688364104697233 2.90168100763162 2.98048141387285
0.206319568285135 0.0713035481025915 2.90953933640252 2.98603387469745
0.190497422509383 0.0691387794032079 2.89982112055807 2.98200983489636
0.200985598554036 0.066962210963509 2.90381120705631 2.98467038858768
0.186685124338262 0.0739729860016838 2.90173091315572 2.98091882595705
0.18826052671441 0.070136469197437 2.90049952230839 2.98131619252412
0.163731693888834 0.0651888855162253 2.89827539848027 2.9742779024627
0.181525574974855 0.0715404396131195 2.90102603886135 2.9790907489679
0.190497422509383 0.0691387794032079 2.89982112055807 2.98200983489636
0.185496543940662 0.0688364104697233 2.90168100763162 2.98048141387285
0.200985598554036 0.066962210963509 2.90381120705631 2.98467038858768
0.18826052671441 0.070136469197437 2.90049952230839 2.98131619252412
0.183421638351228 0.0669850492376088 2.9016988928731 2.97953678435248
0.186685124338262 0.0739729860016838 2.90173091315572 2.98091882595705
0.176434792397159 0.0696454100964654 2.89880130136514 2.97814630220537
0.163731693888834 0.0651888855162253 2.89827539848027 2.9742779024627
0.206319568285135 0.0713035481025915 2.90953933640252 2.98603387469745
0.183421638351228 0.0669850492376088 2.9016988928731 2.97953678435248
0.18826052671441 0.070136469197437 2.90049952230839 2.98131619252412
0.181525574974855 0.0715404396131195 2.90102603886135 2.9790907489679
0.176434792397159 0.0696454100964654 2.89880130136514 2.97814630220537
0.206319568285135 0.0713035481025915 2.90953933640252 2.98603387469745
0.185496543940662 0.0688364104697233 2.90168100763162 2.98048141387285
0.190497422509383 0.0691387794032079 2.89982112055807 2.98200983489636
0.200985598554036 0.066962210963509 2.90381120705631 2.98467038858768
0.163731693888834 0.0651888855162253 2.89827539848027 2.9742779024627
0.186685124338262 0.0739729860016838 2.90173091315572 2.98091882595705
0.181525574974855 0.0715404396131195 2.90102603886135 2.9790907489679
0.190497422509383 0.0691387794032079 2.89982112055807 2.98200983489636
0.176434792397159 0.0696454100964654 2.89880130136514 2.97814630220537
0.18826052671441 0.070136469197437 2.90049952230839 2.98131619252412
0.206319568285135 0.0713035481025915 2.90953933640252 2.98603387469745
0.200985598554036 0.066962210963509 2.90381120705631 2.98467038858768
0.186685124338262 0.0739729860016838 2.90173091315572 2.98091882595705
0.183421638351228 0.0669850492376088 2.9016988928731 2.97953678435248
0.163731693888834 0.0651888855162253 2.89827539848027 2.9742779024627
0.185496543940662 0.0688364104697233 2.90168100763162 2.98048141387285
0.18826052671441 0.070136469197437 2.90049952230839 2.98131619252412
0.190497422509383 0.0691387794032079 2.89982112055807 2.98200983489636
0.183421638351228 0.0669850492376088 2.9016988928731 2.97953678435248
0.185496543940662 0.0688364104697233 2.90168100763162 2.98048141387285
0.163731693888834 0.0651888855162253 2.89827539848027 2.9742779024627
0.186685124338262 0.0739729860016838 2.90173091315572 2.98091882595705
0.206319568285135 0.0713035481025915 2.90953933640252 2.98603387469745
0.181525574974855 0.0715404396131195 2.90102603886135 2.9790907489679
0.176434792397159 0.0696454100964654 2.89880130136514 2.97814630220537
0.200985598554036 0.066962210963509 2.90381120705631 2.98467038858768
0.183421638351228 0.0669850492376088 2.9016988928731 2.97953678435248
0.186685124338262 0.0739729860016838 2.90173091315572 2.98091882595705
0.185496543940662 0.0688364104697233 2.90168100763162 2.98048141387285
0.18826052671441 0.070136469197437 2.90049952230839 2.98131619252412
0.176434792397159 0.0696454100964654 2.89880130136514 2.97814630220537
0.181525574974855 0.0715404396131195 2.90102603886135 2.9790907489679
0.163731693888834 0.0651888855162253 2.89827539848027 2.9742779024627
0.190497422509383 0.0691387794032079 2.89982112055807 2.98200983489636
0.200985598554036 0.066962210963509 2.90381120705631 2.98467038858768
0.206319568285135 0.0713035481025915 2.90953933640252 2.98603387469745
0.163731693888834 0.0651888855162253 2.89827539848027 2.9742779024627
0.185496543940662 0.0688364104697233 2.90168100763162 2.98048141387285
0.18826052671441 0.070136469197437 2.90049952230839 2.98131619252412
0.206319568285135 0.0713035481025915 2.90953933640252 2.98603387469745
0.176434792397159 0.0696454100964654 2.89880130136514 2.97814630220537
0.200985598554036 0.066962210963509 2.90381120705631 2.98467038858768
0.190497422509383 0.0691387794032079 2.89982112055807 2.98200983489636
0.183421638351228 0.0669850492376088 2.9016988928731 2.97953678435248
0.181525574974855 0.0715404396131195 2.90102603886135 2.9790907489679
0.186685124338262 0.0739729860016838 2.90173091315572 2.98091882595705
