0.13892071289495 0.0604237263449733 2.88932453252768 2.97178804942043
0.161732578350884 0.060161425570841 2.90047147855059 2.98017316163189
0.152879905430139 0.0556733796357902 2.89654010135043 2.97690397051294
0.140660143505624 0.0599530330833263 2.894950606314 2.97243623909419
0.128050764361342 0.0583571192885863 2.88639375751287 2.96793034758368
0.157542174503096 0.0612951791279122 2.89970877245513 2.97892396383087
0.143924266332814 0.0636530927567574 2.89113168026801 2.97375069861065
0.144437701460213 0.0600427072386018 2.89350078350191 2.97390302249274
0.128735474006822 0.0592478003075486 2.88673290980033 2.96733852371818
0.128409102939817 0.0571020379810069 2.88600957441106 2.96800822347875
0.157542174503096 0.0612951791279122 2.89970877245513 2.97892396383087
0.144437701460213 0.0600427072386018 2.89350078350191 2.97390302249274
0.128409102939817 0.0571020379810069 2.88600957441106 2.96800822347875
0.128050764361342 0.0583571192885863 2.88639375751287 2.96793034758368
0.143924266332814 0.0636530927567574 2.89113168026801 2.97375069861065
0.13892071289495 0.0604237263449733 2.88932453252768 2.97178804942043
0.152879905430139 0.0556733796357902 2.89654010135043 2.97690397051294
0.161732578350884 0.060161425570841 2.90047147855059 2.98017316163189
0.140660143505624 0.0599530330833263 2.894950606314 2.97243623909419
0.128735474006822 0.0592478003075486 2.88673290980033 2.96733852371818
0.13892071289495 0.0604237263449733 2.88932453252768 2.97178804942043
0.152879905430139 0.0556733796357902 2.89654010135043 2.97690397051294
0.157542174503096 0.0612951791279122 2.89970877245513 2.97892396383087
0.128050764361342 0.0583571192885863 2.88639375751287 2.96793034758368
0.143924266332814 0.0636530927567574 2.89113168026801 2.97375069861065
0.128735474006822 0.0592478003075486 2.88673290980033 2.96733852371818
0.128409102939817 0.0571020379810069 2.88600957441106 2.96800822347875
0.140660143505624 0.0599530330833263 2.894950606314 2.97243623909419
0.144437701460213 0.0600427072386018 2.89350078350191 2.97390302249274
0.161732578350884 0.060161425570841 2.90047147855059 2.98017316163189
0.157542174503096 0.0612951791279122 2.89970877245513 2.97892396383087
0.144437701460213 0.0600427072386018 2.89350078350191 2.97390302249274
0.161732578350884 0.060161425570841 2.90047147855059 2.98017316163189
0.128409102939817 0.0571020379810069 2.88600957441106 2.96800822347875
0.13892071289495 0.0604237263449733 2.88932453252768 2.97178804942043
0.143924266332814 0.0636530927567574 2.89113168026801 2.97375069861065
0.128050764361342 0.0583571192885863 2.88639375751287 2.96793034758368
0.152879905430139 0.0556733796357902 2.89654010135043 2.97690397051294
0.140660143505624 0.0599530330833263 2.894950606314 2.97243623909419
0.128735474006822 0.0592478003075486 2.88673290980033 2.96733852371818
0.128409102939817 0.0571020379810069 2.88600957441106 2.96800822347875
0.161732578350884 0.060161425570841 2.90047147855059 2.98017316163189
0.152879905430139 0.0556733796357902 2.89654010135043 2.97690397051294
0.128050764361342 0.0583571192885863 2.88639375751287 2.96793034758368
0.157542174503096 0.0612951791279122 2.89970877245513 2.97892396383087
0.143924266332814 0.0636530927567574 2.89113168026801 2.97375069861065
0.144437701460213 0.0600427072386018 2.89350078350191 2.97390302249274
0.140660143505624 0.0599530330833263 2.894950606314 2.97243623909419
0.13892071289495 0.0604237263449733 2.88932453252768 2.97178804942043
0.128735474006822 0.0592478003075486 2.88673290980033 2.96733852371818
0.157542174503096 0.0612951791279122 2.89970877245513 2.97892396383087
0.128050764361342 0.0583571192885863 2.88639375751287 2.96793034758368
0.128735474006822 0.0592478003075486 2.88673290980033 2.96733852371818
0.128409102939817 0.0571020379810069 2.88600957441106 2.96800822347875
0.13892071289495 0.0604237263449733 2.88932453252768 2.97178804942043
0.152879905430139 0.0556733796357902 2.89654010135043 2.97690397051294
0.144437701460213 0.0600427072386018 2.89350078350191 2.97390302249274
0.140660143505624 0.0599530330833263 2.894950606314 2.97243623909419
0.161732578350884 0.060161425570841 2.90047147855059 2.98017316163189
0.143924266332814 0.0636530927567574 2.89113168026801 2.97375069861065
0.13892071289495 0.0604237263449733 2.88932453252768 2.97178804942043
0.157542174503096 0.0612951791279122 2.89970877245513 2.97892396383087
0.140660143505624 0.0599530330833263 2.894950606314 2.97243623909419
0.128735474006822 0.0592478003075486 2.88673290980033 2.96733852371818
0.152879905430139 0.0556733796357902 2.89654010135043 2.97690397051294
0.161732578350884 0.060161425570841 2.90047147855059 2.98017316163189
0.128409102939817 0.0571020379810069 2.88600957441106 2.96800822347875
0.144437701460213 0.0600427072386018 2.89350078350191 2.97390302249274
0.143924266332814 0.0636530927567574 2.89113168026801 2.97375069861065
0.128050764361342 0.0583571192885863 2.88639375751287 2.96793034758368
0.157542174503096 0.0612951791279122 2.89970877245513 2.97892396383087
0.143924266332814 0.0636530927567574 2.89113168026801 2.97375069861065
0.161732578350884 0.060161425570841 2.90047147855059 2.98017316163189
0.128050764361342 0.0583571192885863 2.88639375751287 2.96793034758368
0.128735474006822 0.0592478003075486 2.88673290980033 2.96733852371818
0.140660143505624 0.0599530330833263 2.894950606314 2.97243623909419
0.144437701460213 0.0600427072386018 2.89350078350191 2.97390302249274
0.13892071289495 0.0604237263449733 2.88932453252768 2.97178804942043
0.128409102939817 0.0571020379810069 2.88600957441106 2.96800822347875
0.152879905430139 0.0556733796357902 2.89654010135043 2.97690397051294
0.128735474006822 0.0592478003075486 2.88673290980033 2.96733852371818
0.128050764361342 0.0583571192885863 2.88639375751287 2.96793034758368
0.143924266332814 0.0636530927567574 2.89113168026801 2.97375069861065
0.140660143505624 0.0599530330833263 2.894950606314 2.97243623909419
0.152879905430139 0.0556733796357902 2.89654010135043 2.97690397051294
0.157542174503096 0.0612951791279122 2.89970877245513 2.97892396383087
0.13892071289495 0.0604237263449733 2.88932453252768 2.97178804942043
0.161732578350884 0.060161425570841 2.90047147855059 2.98017316163189
0.144437701460213 0.0600427072386018 2.89350078350191 2.97390302249274
0.128409102939817 0.0571020379810069 2.88600957441106 2.96800822347875
0.157542174503096 0.0612951791279122 2.89970877245513 2.97892396383087
0.128409102939817 0.0571020379810069 2.88600957441106 2.96800822347875
0.143924266332814 0.0636530927567574 2.89113168026801 2.97375069861065
0.13892071289495 0.0604237263449733 2.88932453252768 2.97178804942043
0.152879905430139 0.0556733796357902 2.89654010135043 2.97690397051294
0.128050764361342 0.0583571192885863 2.88639375751287 2.96793034758368
0.140660143505624 0.0599530330833263 2.894950606314 2.97243623909419
0.161732578350884 0.060161425570841 2.90047147855059 2.98017316163189
0.128735474006822 0.0592478003075486 2.88673290980033 2.96733852371818
0.144437701460213 0.0600427072386018 2.89350078350191 2.97390302249274
0.144437701460213 0.0600427072386018 2.89350078350191 2.97390302249274
0.128409102939817 0.0571020379810069 2.88600957441106 2.96800822347875
0.143924266332814 0.0636530927567574 2.89113168026801 2.97375069861065
0.128735474006822 0.0592478003075486 2.88673290980033 2.96733852371818
0.140660143505624 0.0599530330833263 2.894950606314 2.97243623909419
0.13892071289495 0.0604237263449733 2.88932453252768 2.97178804942043
0.157542174503096 0.0612951791279122 2.89970877245513 2.97892396383087
0.152879905430139 0.0556733796357902 2.89654010135043 2.97690397051294
0.161732578350884 0.060161425570841 2.90047147855059 2.98017316163189
0.128050764361342 0.0583571192885863 2.88639375751287 2.96793034758368
0.128735474006822 0.0592478003075486 2.88673290980033 2.96733852371818
0.128409102939817 0.0571020379810069 2.88600957441106 2.96800822347875
0.140660143505624 0.0599530330833263 2.894950606314 2.97243623909419
0.144437701460213 0.0600427072386018 2.89350078350191 2.97390302249274
0.161732578350884 0.060161425570841 2.90047147855059 2.98017316163189
0.13892071289495 0.0604237263449733 2.88932453252768 2.97178804942043
0.143924266332814 0.0636530927567574 2.89113168026801 2.97375069861065
0.152879905430139 0.0556733796357902 2.89654010135043 2.97690397051294
0.128050764361342 0.0583571192885863 2.88639375751287 2.96793034758368
0.157542174503096 0.0612951791279122 2.89970877245513 2.97892396383087
0.157542174503096 0.0612951791279122 2.89970877245513 2.97892396383087
0.143924266332814 0.0636530927567574 2.89113168026801 2.97375069861065
0.128409102939817 0.0571020379810069 2.88600957441106 2.96800822347875
0.128050764361342 0.0583571192885863 2.88639375751287 2.96793034758368
0.152879905430139 0.0556733796357902 2.89654010135043 2.97690397051294
0.128735474006822 0.0592478003075486 2.88673290980033 2.96733852371818
0.140660143505624 0.0599530330833263 2.894950606314 2.97243623909419
0.144437701460213 0.0600427072386018 2.89350078350191 2.97390302249274
0.13892071289495 0.0604237263449733 2.88932453252768 2.97178804942043
0.161732578350884 0.060161425570841 2.90047147855059 2.98017316163189
0.128050764361342 0.0583571192885863 2.88639375751287 2.96793034758368
0.13892071289495 0.0604237263449733 2.88932453252768 2.97178804942043
0.128409102939817 0.0571020379810069 2.88600957441106 2.96800822347875
0.140660143505624 0.0599530330833263 2.894950606314 2.97243623909419
0.128735474006822 0.0592478003075486 2.88673290980033 2.96733852371818
0.144437701460213 0.0600427072386018 2.89350078350191 2.97390302249274
0.152879905430139 0.0556733796357902 2.89654010135043 2.97690397051294
0.143924266332814 0.0636530927567574 2.89113168026801 2.97375069861065
0.161732578350884 0.060161425570841 2.90047147855059 2.98017316163189
0.157542174503096 0.0612951791279122 2.89970877245513 2.97892396383087
0.144437701460213 0.0600427072386018 2.89350078350191 2.97390302249274
0.13892071289495 0.0604237263449733 2.88932453252768 2.97178804942043
0.157542174503096 0.0612951791279122 2.89970877245513 2.97892396383087
0.128050764361342 0.0583571192885863 2.88639375751287 2.96793034758368
0.128735474006822 0.0592478003075486 2.88673290980033 2.96733852371818
0.152879905430139 0.0556733796357902 2.89654010135043 2.97690397051294
0.140660143505624 0.0599530330833263 2.894950606314 2.97243623909419
0.143924266332814 0.0636530927567574 2.89113168026801 2.97375069861065
0.128409102939817 0.0571020379810069 2.88600957441106 2.96800822347875
0.161732578350884 0.060161425570841 2.90047147855059 2.98017316163189
0.128409102939817 0.0571020379810069 2.88600957441106 2.96800822347875
0.140660143505624 0.0599530330833263 2.894950606314 2.97243623909419
0.128735474006822 0.0592478003075486 2.88673290980033 2.96733852371818
0.144437701460213 0.0600427072386018 2.89350078350191 2.97390302249274
0.13892071289495 0.0604237263449733 2.88932453252768 2.97178804942043
0.143924266332814 0.0636530927567574 2.89113168026801 2.97375069861065
0.157542174503096 0.0612951791279122 2.89970877245513 2.97892396383087
0.128050764361342 0.0583571192885863 2.88639375751287 2.96793034758368
0.152879905430139 0.0556733796357902 2.89654010135043 2.97690397051294
0.161732578350884 0.060161425570841 2.90047147855059 2.98017316163189
0.128735474006822 0.0592478003075486 2.88673290980033 2.96733852371818
0.143924266332814 0.0636530927567574 2.89113168026801 2.97375069861065
0.13892071289495 0.0604237263449733 2.88932453252768 2.97178804942043
0.157542174503096 0.0612951791279122 2.89970877245513 2.97892396383087
0.140660143505624 0.0599530330833263 2.894950606314 2.97243623909419
0.144437701460213 0.0600427072386018 2.89350078350191 2.97390302249274
0.152879905430139 0.0556733796357902 2.89654010135043 2.97690397051294
0.128409102939817 0.0571020379810069 2.88600957441106 2.96800822347875
0.128050764361342 0.0583571192885863 2.88639375751287 2.96793034758368
0.161732578350884 0.060161425570841 2.90047147855059 2.98017316163189
0.128735474006822 0.0592478003075486 2.88673290980033 2.96733852371818
0.157542174503096 0.0612951791279122 2.89970877245513 2.97892396383087
0.140660143505624 0.0599530330833263 2.894950606314 2.97243623909419
0.144437701460213 0.0600427072386018 2.89350078350191 2.97390302249274
0.143924266332814 0.0636530927567574 2.89113168026801 2.97375069861065
0.128050764361342 0.0583571192885863 2.88639375751287 2.96793034758368
0.161732578350884 0.060161425570841 2.90047147855059 2.98017316163189
0.128409102939817 0.0571020379810069 2.88600957441106 2.96800822347875
0.152879905430139 0.0556733796357902 2.89654010135043 2.97690397051294
0.13892071289495 0.0604237263449733 2.88932453252768 2.97178804942043
0.143924266332814 0.0636530927567574 2.89113168026801 2.97375069861065
0.161732578350884 0.060161425570841 2.90047147855059 2.98017316163189
0.128735474006822 0.0592478003075486 2.88673290980033 2.96733852371818
0.140660143505624 0.0599530330833263 2.894950606314 2.97243623909419
0.157542174503096 0.0612951791279122 2.89970877245513 2.97892396383087
0.128409102939817 0.0571020379810069 2.88600957441106 2.96800822347875
0.152879905430139 0.0556733796357902 2.89654010135043 2.97690397051294
0.144437701460213 0.0600427072386018 2.89350078350191 2.97390302249274
0.13892071289495 0.0604237263449733 2.88932453252768 2.97178804942043
0.128050764361342 0.0583571192885863 2.88639375751287 2.96793034758368
0.161732578350884 0.060161425570841 2.90047147855059 2.98017316163189
0.128735474006822 0.0592478003075486 2.88673290980033 2.96733852371818
0.128050764361342 0.0583571192885863 2.88639375751287 2.96793034758368
0.144437701460213 0.0600427072386018 2.89350078350191 2.97390302249274
0.140660143505624 0.0599530330833263 2.894950606314 2.97243623909419
0.152879905430139 0.0556733796357902 2.89654010135043 2.97690397051294
0.157542174503096 0.0612951791279122 2.89970877245513 2.97892396383087
0.13892071289495 0.0604237263449733 2.88932453252768 2.97178804942043
0.128409102939817 0.0571020379810069 2.88600957441106 2.96800822347875
0.143924266332814 0.0636530927567574 2.89113168026801 2.97375069861065
0.140660143505624 0.0599530330833263 2.894950606314 2.97243623909419
0.157542174503096 0.0612951791279122 2.89970877245513 2.97892396383087
0.128735474006822 0.0592478003075486 2.88673290980033 2.96733852371818
0.144437701460213 0.0600427072386018 2.89350078350191 2.97390302249274
0.13892071289495 0.0604237263449733 2.88932453252768 2.97178804942043
0.161732578350884 0.060161425570841 2.90047147855059 2.98017316163189
0.152879905430139 0.0556733796357902 2.89654010135043 2.97690397051294
0.128050764361342 0.0583571192885863 2.88639375751287 2.96793034758368
0.128409102939817 0.0571020379810069 2.88600957441106 2.96800822347875
0.143924266332814 0.0636530927567574 2.89113168026801 2.97375069861065
0.128735474006822 0.0592478003075486 2.88673290980033 2.96733852371818
0.128050764361342 0.0583571192885863 2.88639375751287 2.96793034758368
0.143924266332814 0.0636530927567574 2.89113168026801 2.97375069861065
0.161732578350884 0.060161425570841 2.90047147855059 2.98017316163189
0.13892071289495 0.0604237263449733 2.88932453252768 2.97178804942043
0.157542174503096 0.0612951791279122 2.89970877245513 2.97892396383087
0.144437701460213 0.0600427072386018 2.89350078350191 2.97390302249274
0.152879905430139 0.0556733796357902 2.89654010135043 2.97690397051294
0.128409102939817 0.0571020379810069 2.88600957441106 2.96800822347875
0.140660143505624 0.0599530330833263 2.894950606314 2.97243623909419
0.128735474006822 0.0592478003075486 2.88673290980033 2.96733852371818
0.128409102939817 0.0571020379810069 2.88600957441106 2.96800822347875
0.157542174503096 0.0612951791279122 2.89970877245513 2.97892396383087
0.13892071289495 0.0604237263449733 2.88932453252768 2.97178804942043
0.152879905430139 0.0556733796357902 2.89654010135043 2.97690397051294
0.128050764361342 0.0583571192885863 2.88639375751287 2.96793034758368
0.143924266332814 0.0636530927567574 2.89113168026801 2.97375069861065
0.144437701460213 0.0600427072386018 2.89350078350191 2.97390302249274
0.161732578350884 0.060161425570841 2.90047147855059 2.98017316163189
0.140660143505624 0.0599530330833263 2.894950606314 2.97243623909419
0.128409102939817 0.0571020379810069 2.88600957441106 2.96800822347875
0.140660143505624 0.0599530330833263 2.894950606314 2.97243623909419
0.128050764361342 0.0583571192885863 2.88639375751287 2.96793034758368
0.152879905430139 0.0556733796357902 2.89654010135043 2.97690397051294
0.144437701460213 0.0600427072386018 2.89350078350191 2.97390302249274
0.13892071289495 0.0604237263449733 2.88932453252768 2.97178804942043
0.161732578350884 0.060161425570841 2.90047147855059 2.98017316163189
0.157542174503096 0.0612951791279122 2.89970877245513 2.97892396383087
0.143924266332814 0.0636530927567574 2.89113168026801 2.97375069861065
0.128735474006822 0.0592478003075486 2.88673290980033 2.96733852371818
0.144437701460213 0.0600427072386018 2.89350078350191 2.97390302249274
0.143924266332814 0.0636530927567574 2.89113168026801 2.97375069861065
0.157542174503096 0.0612951791279122 2.89970877245513 2.97892396383087
0.128409102939817 0.0571020379810069 2.88600957441106 2.96800822347875
0.152879905430139 0.0556733796357902 2.89654010135043 2.97690397051294
0.161732578350884 0.060161425570841 2.90047147855059 2.98017316163189
0.128050764361342 0.0583571192885863 2.88639375751287 2.96793034758368
0.140660143505624 0.0599530330833263 2.894950606314 2.97243623909419
0.128735474006822 0.0592478003075486 2.88673290980033 2.96733852371818
0.13892071289495 0.0604237263449733 2.88932453252768 2.97178804942043
0.161732578350884 0.060161425570841 2.90047147855059 2.98017316163189
0.144437701460213 0.0600427072386018 2.89350078350191 2.97390302249274
0.152879905430139 0.0556733796357902 2.89654010135043 2.97690397051294
0.128050764361342 0.0583571192885863 2.88639375751287 2.96793034758368
0.157542174503096 0.0612951791279122 2.89970877245513 2.97892396383087
0.143924266332814 0.0636530927567574 2.89113168026801 2.97375069861065
0.13892071289495 0.0604237263449733 2.88932453252768 2.97178804942043
0.128735474006822 0.0592478003075486 2.88673290980033 2.96733852371818
0.140660143505624 0.0599530330833263 2.894950606314 2.97243623909419
0.128409102939817 0.0571020379810069 2.88600957441106 2.96800822347875
0.140660143505624 0.0599530330833263 2.894950606314 2.97243623909419
0.143924266332814 0.0636530927567574 2.89113168026801 2.97375069861065
0.128050764361342 0.0583571192885863 2.88639375751287 2.96793034758368
0.128409102939817 0.0571020379810069 2.88600957441106 2.96800822347875
0.144437701460213 0.0600427072386018 2.89350078350191 2.97390302249274
0.13892071289495 0.0604237263449733 2.88932453252768 2.97178804942043
0.152879905430139 0.0556733796357902 2.89654010135043 2.97690397051294
0.161732578350884 0.060161425570841 2.90047147855059 2.98017316163189
0.128735474006822 0.0592478003075486 2.88673290980033 2.96733852371818
0.157542174503096 0.0612951791279122 2.89970877245513 2.97892396383087
0.128050764361342 0.0583571192885863 2.88639375751287 2.96793034758368
0.144437701460213 0.0600427072386018 2.89350078350191 2.97390302249274
0.157542174503096 0.0612951791279122 2.89970877245513 2.97892396383087
0.152879905430139 0.0556733796357902 2.89654010135043 2.97690397051294
0.143924266332814 0.0636530927567574 2.89113168026801 2.97375069861065
0.161732578350884 0.060161425570841 2.90047147855059 2.98017316163189
0.13892071289495 0.0604237263449733 2.88932453252768 2.97178804942043
0.128735474006822 0.0592478003075486 2.88673290980033 2.96733852371818
0.128409102939817 0.0571020379810069 2.88600957441106 2.96800822347875
0.140660143505624 0.0599530330833263 2.894950606314 2.97243623909419
0.128409102939817 0.0571020379810069 2.88600957441106 2.96800822347875
0.140660143505624 0.0599530330833263 2.894950606314 2.97243623909419
0.144437701460213 0.0600427072386018 2.89350078350191 2.97390302249274
0.157542174503096 0.0612951791279122 2.89970877245513 2.97892396383087
0.161732578350884 0.060161425570841 2.90047147855059 2.98017316163189
0.143924266332814 0.0636530927567574 2.89113168026801 2.97375069861065
0.128050764361342 0.0583571192885863 2.88639375751287 2.96793034758368
0.152879905430139 0.0556733796357902 2.89654010135043 2.97690397051294
0.128735474006822 0.0592478003075486 2.88673290980033 2.96733852371818
0.13892071289495 0.0604237263449733 2.88932453252768 2.97178804942043
0.140660143505624 0.0599530330833263 2.894950606314 2.97243623909419
0.143924266332814 0.0636530927567574 2.89113168026801 2.97375069861065
0.161732578350884 0.060161425570841 2.90047147855059 2.98017316163189
0.144437701460213 0.0600427072386018 2.89350078350191 2.97390302249274
0.157542174503096 0.0612951791279122 2.89970877245513 2.97892396383087
0.128409102939817 0.0571020379810069 2.88600957441106 2.96800822347875
0.13892071289495 0.0604237263449733 2.88932453252768 2.97178804942043
0.128735474006822 0.0592478003075486 2.88673290980033 2.96733852371818
0.128050764361342 0.0583571192885863 2.88639375751287 2.96793034758368
0.152879905430139 0.0556733796357902 2.89654010135043 2.97690397051294
0.128735474006822 0.0592478003075486 2.88673290980033 2.96733852371818
0.13892071289495 0.0604237263449733 2.88932453252768 2.97178804942043
0.128050764361342 0.0583571192885863 2.88639375751287 2.96793034758368
0.161732578350884 0.060161425570841 2.90047147855059 2.98017316163189
0.157542174503096 0.0612951791279122 2.89970877245513 2.97892396383087
0.140660143505624 0.0599530330833263 2.894950606314 2.97243623909419
0.128409102939817 0.0571020379810069 2.88600957441106 2.96800822347875
0.143924266332814 0.0636530927567574 2.89113168026801 2.97375069861065
0.152879905430139 0.0556733796357902 2.89654010135043 2.97690397051294
0.144437701460213 0.0600427072386018 2.89350078350191 2.97390302249274
0.128050764361342 0.0583571192885863 2.88639375751287 2.96793034758368
0.143924266332814 0.0636530927567574 2.89113168026801 2.97375069861065
0.13892071289495 0.0604237263449733 2.88932453252768 2.97178804942043
0.157542174503096 0.0612951791279122 2.89970877245513 2.97892396383087
0.144437701460213 0.0600427072386018 2.89350078350191 2.97390302249274
0.128409102939817 0.0571020379810069 2.88600957441106 2.96800822347875
0.140660143505624 0.0599530330833263 2.894950606314 2.97243623909419
0.128735474006822 0.0592478003075486 2.88673290980033 2.96733852371818
0.152879905430139 0.0556733796357902 2.89654010135043 2.97690397051294
0.161732578350884 0.060161425570841 2.90047147855059 2.98017316163189
0.140660143505624 0.0599530330833263 2.894950606314 2.97243623909419
0.128409102939817 0.0571020379810069 2.88600957441106 2.96800822347875
0.128050764361342 0.0583571192885863 2.88639375751287 2.96793034758368
0.152879905430139 0.0556733796357902 2.89654010135043 2.97690397051294
0.13892071289495 0.0604237263449733 2.88932453252768 2.97178804942043
0.161732578350884 0.060161425570841 2.90047147855059 2.98017316163189
0.143924266332814 0.0636530927567574 2.89113168026801 2.97375069861065
0.144437701460213 0.0600427072386018 2.89350078350191 2.97390302249274
0.157542174503096 0.0612951791279122 2.89970877245513 2.97892396383087
0.128735474006822 0.0592478003075486 2.88673290980033 2.96733852371818
0.157542174503096 0.0612951791279122 2.89970877245513 2.97892396383087
0.144437701460213 0.0600427072386018 2.89350078350191 2.97390302249274
0.152879905430139 0.0556733796357902 2.89654010135043 2.97690397051294
0.128050764361342 0.0583571192885863 2.88639375751287 2.96793034758368
0.128735474006822 0.0592478003075486 2.88673290980033 2.96733852371818
0.128409102939817 0.0571020379810069 2.88600957441106 2.96800822347875
0.161732578350884 0.060161425570841 2.90047147855059 2.98017316163189
0.13892071289495 0.0604237263449733 2.88932453252768 2.97178804942043
0.143924266332814 0.0636530927567574 2.89113168026801 2.97375069861065
0.140660143505624 0.0599530330833263 2.894950606314 2.97243623909419
0.128735474006822 0.0592478003075486 2.88673290980033 2.96733852371818
0.143924266332814 0.0636530927567574 2.89113168026801 2.97375069861065
0.157542174503096 0.0612951791279122 2.89970877245513 2.97892396383087
0.152879905430139 0.0556733796357902 2.89654010135043 2.97690397051294
0.13892071289495 0.0604237263449733 2.88932453252768 2.97178804942043
0.144437701460213 0.0600427072386018 2.89350078350191 2.97390302249274
0.128050764361342 0.0583571192885863 2.88639375751287 2.96793034758368
0.128409102939817 0.0571020379810069 2.88600957441106 2.96800822347875
0.161732578350884 0.060161425570841 2.90047147855059 2.98017316163189
0.140660143505624 0.0599530330833263 2.894950606314 2.97243623909419
0.143924266332814 0.0636530927567574 2.89113168026801 2.97375069861065
0.144437701460213 0.0600427072386018 2.89350078350191 2.97390302249274
0.128735474006822 0.0592478003075486 2.88673290980033 2.96733852371818
0.152879905430139 0.0556733796357902 2.89654010135043 2.97690397051294
0.157542174503096 0.0612951791279122 2.89970877245513 2.97892396383087
0.161732578350884 0.060161425570841 2.90047147855059 2.98017316163189
0.140660143505624 0.0599530330833263 2.894950606314 2.97243623909419
0.128409102939817 0.0571020379810069 2.88600957441106 2.96800822347875
0.13892071289495 0.0604237263449733 2.88932453252768 2.97178804942043
0.128050764361342 0.0583571192885863 2.88639375751287 2.96793034758368
0.143924266332814 0.0636530927567574 2.89113168026801 2.97375069861065
0.13892071289495 0.0604237263449733 2.88932453252768 2.97178804942043
0.128735474006822 0.0592478003075486 2.88673290980033 2.96733852371818
0.161732578350884 0.060161425570841 2.90047147855059 2.98017316163189
0.152879905430139 0.0556733796357902 2.89654010135043 2.97690397051294
0.128409102939817 0.0571020379810069 2.88600957441106 2.96800822347875
0.157542174503096 0.0612951791279122 2.89970877245513 2.97892396383087
0.144437701460213 0.0600427072386018 2.89350078350191 2.97390302249274
0.128050764361342 0.0583571192885863 2.88639375751287 2.96793034758368
0.140660143505624 0.0599530330833263 2.894950606314 2.97243623909419
0.128409102939817 0.0571020379810069 2.88600957441106 2.96800822347875
0.161732578350884 0.060161425570841 2.90047147855059 2.98017316163189
0.128050764361342 0.0583571192885863 2.88639375751287 2.96793034758368
0.144437701460213 0.0600427072386018 2.89350078350191 2.97390302249274
0.143924266332814 0.0636530927567574 2.89113168026801 2.97375069861065
0.128735474006822 0.0592478003075486 2.88673290980033 2.96733852371818
0.140660143505624 0.0599530330833263 2.894950606314 2.97243623909419
0.13892071289495 0.0604237263449733 2.88932453252768 2.97178804942043
0.152879905430139 0.0556733796357902 2.89654010135043 2.97690397051294
0.157542174503096 0.0612951791279122 2.89970877245513 2.97892396383087
0.13892071289495 0.0604237263449733 2.88932453252768 2.97178804942043
0.143924266332814 0.0636530927567574 2.89113168026801 2.97375069861065
0.157542174503096 0.0612951791279122 2.89970877245513 2.97892396383087
0.128735474006822 0.0592478003075486 2.88673290980033 2.96733852371818
0.152879905430139 0.0556733796357902 2.89654010135043 2.97690397051294
0.161732578350884 0.060161425570841 2.90047147855059 2.98017316163189
0.144437701460213 0.0600427072386018 2.89350078350191 2.97390302249274
0.128050764361342 0.0583571192885863 2.88639375751287 2.96793034758368
0.140660143505624 0.0599530330833263 2.894950606314 2.97243623909419
0.128409102939817 0.0571020379810069 2.88600957441106 2.96800822347875
0.128735474006822 0.0592478003075486 2.88673290980033 2.96733852371818
0.161732578350884 0.060161425570841 2.90047147855059 2.98017316163189
0.13892071289495 0.0604237263449733 2.88932453252768 2.97178804942043
0.144437701460213 0.0600427072386018 2.89350078350191 2.97390302249274
0.128050764361342 0.0583571192885863 2.88639375751287 2.96793034758368
0.157542174503096 0.0612951791279122 2.89970877245513 2.97892396383087
0.143924266332814 0.0636530927567574 2.89113168026801 2.97375069861065
0.128409102939817 0.0571020379810069 2.88600957441106 2.96800822347875
0.140660143505624 0.0599530330833263 2.894950606314 2.97243623909419
0.152879905430139 0.0556733796357902 2.89654010135043 2.97690397051294
0.140660143505624 0.0599530330833263 2.894950606314 2.97243623909419
0.161732578350884 0.060161425570841 2.90047147855059 2.98017316163189
0.128409102939817 0.0571020379810069 2.88600957441106 2.96800822347875
0.143924266332814 0.0636530927567574 2.89113168026801 2.97375069861065
0.157542174503096 0.0612951791279122 2.89970877245513 2.97892396383087
0.144437701460213 0.0600427072386018 2.89350078350191 2.97390302249274
0.152879905430139 0.0556733796357902 2.89654010135043 2.97690397051294
0.13892071289495 0.0604237263449733 2.88932453252768 2.97178804942043
0.128050764361342 0.0583571192885863 2.88639375751287 2.96793034758368
0.128735474006822 0.0592478003075486 2.88673290980033 2.96733852371818
0.128050764361342 0.0583571192885863 2.88639375751287 2.96793034758368
0.144437701460213 0.0600427072386018 2.89350078350191 2.97390302249274
0.157542174503096 0.0612951791279122 2.89970877245513 2.97892396383087
0.161732578350884 0.060161425570841 2.90047147855059 2.98017316163189
0.143924266332814 0.0636530927567574 2.89113168026801 2.97375069861065
0.13892071289495 0.0604237263449733 2.88932453252768 2.97178804942043
0.152879905430139 0.0556733796357902 2.89654010135043 2.97690397051294
0.128735474006822 0.0592478003075486 2.88673290980033 2.96733852371818
0.140660143505624 0.0599530330833263 2.894950606314 2.97243623909419
0.128409102939817 0.0571020379810069 2.88600957441106 2.96800822347875
0.140660143505624 0.0599530330833263 2.894950606314 2.97243623909419
0.128050764361342 0.0583571192885863 2.88639375751287 2.96793034758368
0.13892071289495 0.0604237263449733 2.88932453252768 2.97178804942043
0.128409102939817 0.0571020379810069 2.88600957441106 2.96800822347875
0.128735474006822 0.0592478003075486 2.88673290980033 2.96733852371818
0.161732578350884 0.060161425570841 2.90047147855059 2.98017316163189
0.157542174503096 0.0612951791279122 2.89970877245513 2.97892396383087
0.144437701460213 0.0600427072386018 2.89350078350191 2.97390302249274
0.152879905430139 0.0556733796357902 2.89654010135043 2.97690397051294
0.143924266332814 0.0636530927567574 2.89113168026801 2.97375069861065
0.157542174503096 0.0612951791279122 2.89970877245513 2.97892396383087
0.13892071289495 0.0604237263449733 2.88932453252768 2.97178804942043
0.128409102939817 0.0571020379810069 2.88600957441106 2.96800822347875
0.152879905430139 0.0556733796357902 2.89654010135043 2.97690397051294
0.140660143505624 0.0599530330833263 2.894950606314 2.97243623909419
0.128050764361342 0.0583571192885863 2.88639375751287 2.96793034758368
0.143924266332814 0.0636530927567574 2.89113168026801 2.97375069861065
0.161732578350884 0.060161425570841 2.90047147855059 2.98017316163189
0.128735474006822 0.0592478003075486 2.88673290980033 2.96733852371818
0.144437701460213 0.0600427072386018 2.89350078350191 2.97390302249274
0.144437701460213 0.0600427072386018 2.89350078350191 2.97390302249274
0.13892071289495 0.0604237263449733 2.88932453252768 2.97178804942043
0.143924266332814 0.0636530927567574 2.89113168026801 2.97375069861065
0.128409102939817 0.0571020379810069 2.88600957441106 2.96800822347875
0.140660143505624 0.0599530330833263 2.894950606314 2.97243623909419
0.128735474006822 0.0592478003075486 2.88673290980033 2.96733852371818
0.157542174503096 0.0612951791279122 2.89970877245513 2.97892396383087
0.161732578350884 0.060161425570841 2.90047147855059 2.98017316163189
0.128050764361342 0.0583571192885863 2.88639375751287 2.96793034758368
0.152879905430139 0.0556733796357902 2.89654010135043 2.97690397051294
0.152879905430139 0.0556733796357902 2.89654010135043 2.97690397051294
0.128735474006822 0.0592478003075486 2.88673290980033 2.96733852371818
0.143924266332814 0.0636530927567574 2.89113168026801 2.97375069861065
0.128050764361342 0.0583571192885863 2.88639375751287 2.96793034758368
0.140660143505624 0.0599530330833263 2.894950606314 2.97243623909419
0.157542174503096 0.0612951791279122 2.89970877245513 2.97892396383087
0.161732578350884 0.060161425570841 2.90047147855059 2.98017316163189
0.128409102939817 0.0571020379810069 2.88600957441106 2.96800822347875
0.144437701460213 0.0600427072386018 2.89350078350191 2.97390302249274
0.13892071289495 0.0604237263449733 2.88932453252768 2.97178804942043
0.128735474006822 0.0592478003075486 2.88673290980033 2.96733852371818
0.13892071289495 0.0604237263449733 2.88932453252768 2.97178804942043
0.128409102939817 0.0571020379810069 2.88600957441106 2.96800822347875
0.144437701460213 0.0600427072386018 2.89350078350191 2.97390302249274
0.140660143505624 0.0599530330833263 2.894950606314 2.97243623909419
0.157542174503096 0.0612951791279122 2.89970877245513 2.97892396383087
0.161732578350884 0.060161425570841 2.90047147855059 2.98017316163189
0.128050764361342 0.0583571192885863 2.88639375751287 2.96793034758368
0.152879905430139 0.0556733796357902 2.89654010135043 2.97690397051294
0.143924266332814 0.0636530927567574 2.89113168026801 2.97375069861065
0.128050764361342 0.0583571192885863 2.88639375751287 2.96793034758368
0.143924266332814 0.0636530927567574 2.89113168026801 2.97375069861065
0.157542174503096 0.0612951791279122 2.89970877245513 2.97892396383087
0.128409102939817 0.0571020379810069 2.88600957441106 2.96800822347875
0.144437701460213 0.0600427072386018 2.89350078350191 2.97390302249274
0.128735474006822 0.0592478003075486 2.88673290980033 2.96733852371818
0.13892071289495 0.0604237263449733 2.88932453252768 2.97178804942043
0.140660143505624 0.0599530330833263 2.894950606314 2.97243623909419
0.152879905430139 0.0556733796357902 2.89654010135043 2.97690397051294
0.161732578350884 0.060161425570841 2.90047147855059 2.98017316163189
0.140660143505624 0.0599530330833263 2.894950606314 2.97243623909419
0.157542174503096 0.0612951791279122 2.89970877245513 2.97892396383087
0.128735474006822 0.0592478003075486 2.88673290980033 2.96733852371818
0.152879905430139 0.0556733796357902 2.89654010135043 2.97690397051294
0.161732578350884 0.060161425570841 2.90047147855059 2.98017316163189
0.143924266332814 0.0636530927567574 2.89113168026801 2.97375069861065
0.128409102939817 0.0571020379810069 2.88600957441106 2.96800822347875
0.144437701460213 0.0600427072386018 2.89350078350191 2.97390302249274
0.128050764361342 0.0583571192885863 2.88639375751287 2.96793034758368
0.13892071289495 0.0604237263449733 2.88932453252768 2.97178804942043
0.128409102939817 0.0571020379810069 2.88600957441106 2.96800822347875
0.13892071289495 0.0604237263449733 2.88932453252768 2.97178804942043
0.140660143505624 0.0599530330833263 2.894950606314 2.97243623909419
0.128050764361342 0.0583571192885863 2.88639375751287 2.96793034758368
0.157542174503096 0.0612951791279122 2.89970877245513 2.97892396383087
0.144437701460213 0.0600427072386018 2.89350078350191 2.97390302249274
0.152879905430139 0.0556733796357902 2.89654010135043 2.97690397051294
0.143924266332814 0.0636530927567574 2.89113168026801 2.97375069861065
0.128735474006822 0.0592478003075486 2.88673290980033 2.96733852371818
0.161732578350884 0.060161425570841 2.90047147855059 2.98017316163189
