0.158350526499613 0.0373622640844119 2.86619547993992 2.95489505009522
0.19436636797304 0.035720740923189 2.88196628298814 2.96592329129324
0.137770918460738 0.0350168337188492 2.8621539991807 2.94795817145906
0.147822103552197 0.03650839018097 2.8614212455751 2.95086401219032
0.175775362208856 0.0384330149657459 2.86975365190926 2.96027092015815
0.204307046421195 0.0342705352023655 2.88689546214025 2.96899821803946
0.146727637087873 0.0368554669539995 2.86586554334335 2.95120111763573
0.174465863709833 0.0358967038113181 2.87724232751188 2.9594580426365
0.132449271625914 0.0377976753382731 2.85687373105517 2.94674096228986
0.149858348911332 0.0362555445344496 2.86736479328763 2.95200960993105
0.158350526499613 0.0373622640844119 2.86619547993992 2.95489505009522
0.137770918460738 0.0350168337188492 2.8621539991807 2.94795817145906
0.175775362208856 0.0384330149657459 2.86975365190926 2.96027092015815
0.147822103552197 0.03650839018097 2.8614212455751 2.95086401219032
0.174465863709833 0.0358967038113181 2.87724232751188 2.9594580426365
0.132449271625914 0.0377976753382731 2.85687373105517 2.94674096228986
0.149858348911332 0.0362555445344496 2.86736479328763 2.95200960993105
0.146727637087873 0.0368554669539995 2.86586554334335 2.95120111763573
0.204307046421195 0.0342705352023655 2.88689546214025 2.96899821803946
0.19436636797304 0.035720740923189 2.88196628298814 2.96592329129324
0.137770918460738 0.0350168337188492 2.8621539991807 2.94795817145906
0.204307046421195 0.0342705352023655 2.88689546214025 2.96899821803946
0.19436636797304 0.035720740923189 2.88196628298814 2.96592329129324
0.146727637087873 0.0368554669539995 2.86586554334335 2.95120111763573
0.158350526499613 0.0373622640844119 2.86619547993992 2.95489505009522
0.147822103552197 0.03650839018097 2.8614212455751 2.95086401219032
0.132449271625914 0.0377976753382731 2.85687373105517 2.94674096228986
0.174465863709833 0.0358967038113181 2.87724232751188 2.9594580426365
0.149858348911332 0.0362555445344496 2.86736479328763 2.95200960993105
0.175775362208856 0.0384330149657459 2.86975365190926 2.96027092015815
0.204307046421195 0.0342705352023655 2.88689546214025 2.96899821803946
0.158350526499613 0.0373622640844119 2.86619547993992 2.95489505009522
0.132449271625914 0.0377976753382731 2.85687373105517 2.94674096228986
0.146727637087873 0.0368554669539995 2.86586554334335 2.95120111763573
0.149858348911332 0.0362555445344496 2.86736479328763 2.95200960993105
0.147822103552197 0.03650839018097 2.8614212455751 2.95086401219032
0.137770918460738 0.0350168337188492 2.8621539991807 2.94795817145906
0.19436636797304 0.035720740923189 2.88196628298814 2.96592329129324
0.174465863709833 0.0358967038113181 2.87724232751188 2.9594580426365
0.175775362208856 0.0384330149657459 2.86975365190926 2.96027092015815
0.19436636797304 0.035720740923189 2.88196628298814 2.96592329129324
0.132449271625914 0.0377976753382731 2.85687373105517 2.94674096228986
0.137770918460738 0.0350168337188492 2.8621539991807 2.94795817145906
0.175775362208856 0.0384330149657459 2.86975365190926 2.96027092015815
0.146727637087873 0.0368554669539995 2.86586554334335 2.95120111763573
0.204307046421195 0.0342705352023655 2.88689546214025 2.96899821803946
0.147822103552197 0.03650839018097 2.8614212455751 2.95086401219032
0.158350526499613 0.0373622640844119 2.86619547993992 2.95489505009522
0.149858348911332 0.0362555445344496 2.86736479328763 2.95200960993105
0.174465863709833 0.0358967038113181 2.87724232751188 2.9594580426365
0.149858348911332 0.0362555445344496 2.86736479328763 2.95200960993105
0.158350526499613 0.0373622640844119 2.86619547993992 2.95489505009522
0.174465863709833 0.0358967038113181 2.87724232751188 2.9594580426365
0.147822103552197 0.03650839018097 2.8614212455751 2.95086401219032
0.175775362208856 0.0384330149657459 2.86975365190926 2.96027092015815
0.19436636797304 0.035720740923189 2.88196628298814 2.96592329129324
0.132449271625914 0.0377976753382731 2.85687373105517 2.94674096228986
0.146727637087873 0.0368554669539995 2.86586554334335 2.95120111763573
0.137770918460738 0.0350168337188492 2.8621539991807 2.94795817145906
0.204307046421195 0.0342705352023655 2.88689546214025 2.96899821803946
0.137770918460738 0.0350168337188492 2.8621539991807 2.94795817145906
0.19436636797304 0.035720740923189 2.88196628298814 2.96592329129324
0.158350526499613 0.0373622640844119 2.86619547993992 2.95489505009522
0.175775362208856 0.0384330149657459 2.86975365190926 2.96027092015815
0.149858348911332 0.0362555445344496 2.86736479328763 2.95200960993105
0.132449271625914 0.0377976753382731 2.85687373105517 2.94674096228986
0.204307046421195 0.0342705352023655 2.88689546214025 2.96899821803946
0.174465863709833 0.0358967038113181 2.87724232751188 2.9594580426365
0.146727637087873 0.0368554669539995 2.86586554334335 2.95120111763573
0.147822103552197 0.03650839018097 2.8614212455751 2.95086401219032
0.147822103552197 0.03650839018097 2.8614212455751 2.95086401219032
0.137770918460738 0.0350168337188492 2.8621539991807 2.94795817145906
0.149858348911332 0.0362555445344496 2.86736479328763 2.95200960993105
0.19436636797304 0.035720740923189 2.88196628298814 2.96592329129324
0.174465863709833 0.0358967038113181 2.87724232751188 2.9594580426365
0.204307046421195 0.0342705352023655 2.88689546214025 2.96899821803946
0.158350526499613 0.0373622640844119 2.86619547993992 2.95489505009522
0.175775362208856 0.0384330149657459 2.86975365190926 2.96027092015815
0.132449271625914 0.0377976753382731 2.85687373105517 2.94674096228986
0.146727637087873 0.0368554669539995 2.86586554334335 2.95120111763573
0.149858348911332 0.0362555445344496 2.86736479328763 2.95200960993105
0.146727637087873 0.0368554669539995 2.86586554334335 2.95120111763573
0.158350526499613 0.0373622640844119 2.86619547993992 2.95489505009522
0.174465863709833 0.0358967038113181 2.87724232751188 2.9594580426365
0.175775362208856 0.0384330149657459 2.86975365190926 2.96027092015815
0.204307046421195 0.0342705352023655 2.88689546214025 2.96899821803946
0.137770918460738 0.0350168337188492 2.8621539991807 2.94795817145906
0.19436636797304 0.035720740923189 2.88196628298814 2.96592329129324
0.132449271625914 0.0377976753382731 2.85687373105517 2.94674096228986
0.147822103552197 0.03650839018097 2.8614212455751 2.95086401219032
0.146727637087873 0.0368554669539995 2.86586554334335 2.95120111763573
0.175775362208856 0.0384330149657459 2.86975365190926 2.96027092015815
0.204307046421195 0.0342705352023655 2.88689546214025 2.96899821803946
0.19436636797304 0.035720740923189 2.88196628298814 2.96592329129324
0.158350526499613 0.0373622640844119 2.86619547993992 2.95489505009522
0.174465863709833 0.0358967038113181 2.87724232751188 2.9594580426365
0.132449271625914 0.0377976753382731 2.85687373105517 2.94674096228986
0.147822103552197 0.03650839018097 2.8614212455751 2.95086401219032
0.137770918460738 0.0350168337188492 2.8621539991807 2.94795817145906
0.149858348911332 0.0362555445344496 2.86736479328763 2.95200960993105
0.175775362208856 0.0384330149657459 2.86975365190926 2.96027092015815
0.146727637087873 0.0368554669539995 2.86586554334335 2.95120111763573
0.149858348911332 0.0362555445344496 2.86736479328763 2.95200960993105
0.158350526499613 0.0373622640844119 2.86619547993992 2.95489505009522
0.174465863709833 0.0358967038113181 2.87724232751188 2.9594580426365
0.147822103552197 0.03650839018097 2.8614212455751 2.95086401219032
0.132449271625914 0.0377976753382731 2.85687373105517 2.94674096228986
0.137770918460738 0.0350168337188492 2.8621539991807 2.94795817145906
0.204307046421195 0.0342705352023655 2.88689546214025 2.96899821803946
0.19436636797304 0.035720740923189 2.88196628298814 2.96592329129324
0.158350526499613 0.0373622640844119 2.86619547993992 2.95489505009522
0.147822103552197 0.03650839018097 2.8614212455751 2.95086401219032
0.146727637087873 0.0368554669539995 2.86586554334335 2.95120111763573
0.149858348911332 0.0362555445344496 2.86736479328763 2.95200960993105
0.132449271625914 0.0377976753382731 2.85687373105517 2.94674096228986
0.175775362208856 0.0384330149657459 2.86975365190926 2.96027092015815
0.19436636797304 0.035720740923189 2.88196628298814 2.96592329129324
0.174465863709833 0.0358967038113181 2.87724232751188 2.9594580426365
0.204307046421195 0.0342705352023655 2.88689546214025 2.96899821803946
0.137770918460738 0.0350168337188492 2.8621539991807 2.94795817145906
0.149858348911332 0.0362555445344496 2.86736479328763 2.95200960993105
0.175775362208856 0.0384330149657459 2.86975365190926 2.96027092015815
0.132449271625914 0.0377976753382731 2.85687373105517 2.94674096228986
0.146727637087873 0.0368554669539995 2.86586554334335 2.95120111763573
0.147822103552197 0.03650839018097 2.8614212455751 2.95086401219032
0.204307046421195 0.0342705352023655 2.88689546214025 2.96899821803946
0.174465863709833 0.0358967038113181 2.87724232751188 2.9594580426365
0.137770918460738 0.0350168337188492 2.8621539991807 2.94795817145906
0.158350526499613 0.0373622640844119 2.86619547993992 2.95489505009522
0.19436636797304 0.035720740923189 2.88196628298814 2.96592329129324
0.158350526499613 0.0373622640844119 2.86619547993992 2.95489505009522
0.146727637087873 0.0368554669539995 2.86586554334335 2.95120111763573
0.204307046421195 0.0342705352023655 2.88689546214025 2.96899821803946
0.19436636797304 0.035720740923189 2.88196628298814 2.96592329129324
0.132449271625914 0.0377976753382731 2.85687373105517 2.94674096228986
0.149858348911332 0.0362555445344496 2.86736479328763 2.95200960993105
0.137770918460738 0.0350168337188492 2.8621539991807 2.94795817145906
0.147822103552197 0.03650839018097 2.8614212455751 2.95086401219032
0.175775362208856 0.0384330149657459 2.86975365190926 2.96027092015815
0.174465863709833 0.0358967038113181 2.87724232751188 2.9594580426365
0.174465863709833 0.0358967038113181 2.87724232751188 2.9594580426365
0.149858348911332 0.0362555445344496 2.86736479328763 2.95200960993105
0.158350526499613 0.0373622640844119 2.86619547993992 2.95489505009522
0.175775362208856 0.0384330149657459 2.86975365190926 2.96027092015815
0.19436636797304 0.035720740923189 2.88196628298814 2.96592329129324
0.146727637087873 0.0368554669539995 2.86586554334335 2.95120111763573
0.137770918460738 0.0350168337188492 2.8621539991807 2.94795817145906
0.204307046421195 0.0342705352023655 2.88689546214025 2.96899821803946
0.132449271625914 0.0377976753382731 2.85687373105517 2.94674096228986
0.147822103552197 0.03650839018097 2.8614212455751 2.95086401219032
0.19436636797304 0.035720740923189 2.88196628298814 2.96592329129324
0.158350526499613 0.0373622640844119 2.86619547993992 2.95489505009522
0.146727637087873 0.0368554669539995 2.86586554334335 2.95120111763573
0.132449271625914 0.0377976753382731 2.85687373105517 2.94674096228986
0.204307046421195 0.0342705352023655 2.88689546214025 2.96899821803946
0.175775362208856 0.0384330149657459 2.86975365190926 2.96027092015815
0.137770918460738 0.0350168337188492 2.8621539991807 2.94795817145906
0.147822103552197 0.03650839018097 2.8614212455751 2.95086401219032
0.174465863709833 0.0358967038113181 2.87724232751188 2.9594580426365
0.149858348911332 0.0362555445344496 2.86736479328763 2.95200960993105
0.204307046421195 0.0342705352023655 2.88689546214025 2.96899821803946
0.146727637087873 0.0368554669539995 2.86586554334335 2.95120111763573
0.19436636797304 0.035720740923189 2.88196628298814 2.96592329129324
0.147822103552197 0.03650839018097 2.8614212455751 2.95086401219032
0.137770918460738 0.0350168337188492 2.8621539991807 2.94795817145906
0.174465863709833 0.0358967038113181 2.87724232751188 2.9594580426365
0.149858348911332 0.0362555445344496 2.86736479328763 2.95200960993105
0.132449271625914 0.0377976753382731 2.85687373105517 2.94674096228986
0.158350526499613 0.0373622640844119 2.86619547993992 2.95489505009522
0.175775362208856 0.0384330149657459 2.86975365190926 2.96027092015815
0.158350526499613 0.0373622640844119 2.86619547993992 2.95489505009522
0.146727637087873 0.0368554669539995 2.86586554334335 2.95120111763573
0.147822103552197 0.03650839018097 2.8614212455751 2.95086401219032
0.132449271625914 0.0377976753382731 2.85687373105517 2.94674096228986
0.137770918460738 0.0350168337188492 2.8621539991807 2.94795817145906
0.204307046421195 0.0342705352023655 2.88689546214025 2.96899821803946
0.174465863709833 0.0358967038113181 2.87724232751188 2.9594580426365
0.175775362208856 0.0384330149657459 2.86975365190926 2.96027092015815
0.149858348911332 0.0362555445344496 2.86736479328763 2.95200960993105
0.19436636797304 0.035720740923189 2.88196628298814 2.96592329129324
0.204307046421195 0.0342705352023655 2.88689546214025 2.96899821803946
0.158350526499613 0.0373622640844119 2.86619547993992 2.95489505009522
0.19436636797304 0.035720740923189 2.88196628298814 2.96592329129324
0.132449271625914 0.0377976753382731 2.85687373105517 2.94674096228986
0.146727637087873 0.0368554669539995 2.86586554334335 2.95120111763573
0.137770918460738 0.0350168337188492 2.8621539991807 2.94795817145906
0.175775362208856 0.0384330149657459 2.86975365190926 2.96027092015815
0.147822103552197 0.03650839018097 2.8614212455751 2.95086401219032
0.149858348911332 0.0362555445344496 2.86736479328763 2.95200960993105
0.174465863709833 0.0358967038113181 2.87724232751188 2.9594580426365
0.174465863709833 0.0358967038113181 2.87724232751188 2.9594580426365
0.175775362208856 0.0384330149657459 2.86975365190926 2.96027092015815
0.146727637087873 0.0368554669539995 2.86586554334335 2.95120111763573
0.137770918460738 0.0350168337188492 2.8621539991807 2.94795817145906
0.149858348911332 0.0362555445344496 2.86736479328763 2.95200960993105
0.204307046421195 0.0342705352023655 2.88689546214025 2.96899821803946
0.147822103552197 0.03650839018097 2.8614212455751 2.95086401219032
0.158350526499613 0.0373622640844119 2.86619547993992 2.95489505009522
0.132449271625914 0.0377976753382731 2.85687373105517 2.94674096228986
0.19436636797304 0.035720740923189 2.88196628298814 2.96592329129324
0.147822103552197 0.03650839018097 2.8614212455751 2.95086401219032
0.137770918460738 0.0350168337188492 2.8621539991807 2.94795817145906
0.132449271625914 0.0377976753382731 2.85687373105517 2.94674096228986
0.19436636797304 0.035720740923189 2.88196628298814 2.96592329129324
0.174465863709833 0.0358967038113181 2.87724232751188 2.9594580426365
0.175775362208856 0.0384330149657459 2.86975365190926 2.96027092015815
0.158350526499613 0.0373622640844119 2.86619547993992 2.95489505009522
0.146727637087873 0.0368554669539995 2.86586554334335 2.95120111763573
0.204307046421195 0.0342705352023655 2.88689546214025 2.96899821803946
0.149858348911332 0.0362555445344496 2.86736479328763 2.95200960993105
0.204307046421195 0.0342705352023655 2.88689546214025 2.96899821803946
0.132449271625914 0.0377976753382731 2.85687373105517 2.94674096228986
0.175775362208856 0.0384330149657459 2.86975365190926 2.96027092015815
0.146727637087873 0.0368554669539995 2.86586554334335 2.95120111763573
0.137770918460738 0.0350168337188492 2.8621539991807 2.94795817145906
0.147822103552197 0.03650839018097 2.8614212455751 2.95086401219032
0.19436636797304 0.035720740923189 2.88196628298814 2.96592329129324
0.149858348911332 0.0362555445344496 2.86736479328763 2.95200960993105
0.174465863709833 0.0358967038113181 2.87724232751188 2.9594580426365
0.158350526499613 0.0373622640844119 2.86619547993992 2.95489505009522
0.132449271625914 0.0377976753382731 2.85687373105517 2.94674096228986
0.19436636797304 0.035720740923189 2.88196628298814 2.96592329129324
0.204307046421195 0.0342705352023655 2.88689546214025 2.96899821803946
0.174465863709833 0.0358967038113181 2.87724232751188 2.9594580426365
0.175775362208856 0.0384330149657459 2.86975365190926 2.96027092015815
0.147822103552197 0.03650839018097 2.8614212455751 2.95086401219032
0.158350526499613 0.0373622640844119 2.86619547993992 2.95489505009522
0.146727637087873 0.0368554669539995 2.86586554334335 2.95120111763573
0.137770918460738 0.0350168337188492 2.8621539991807 2.94795817145906
0.149858348911332 0.0362555445344496 2.86736479328763 2.95200960993105
0.19436636797304 0.035720740923189 2.88196628298814 2.96592329129324
0.147822103552197 0.03650839018097 2.8614212455751 2.95086401219032
0.132449271625914 0.0377976753382731 2.85687373105517 2.94674096228986
0.146727637087873 0.0368554669539995 2.86586554334335 2.95120111763573
0.175775362208856 0.0384330149657459 2.86975365190926 2.96027092015815
0.204307046421195 0.0342705352023655 2.88689546214025 2.96899821803946
0.137770918460738 0.0350168337188492 2.8621539991807 2.94795817145906
0.149858348911332 0.0362555445344496 2.86736479328763 2.95200960993105
0.174465863709833 0.0358967038113181 2.87724232751188 2.9594580426365
0.158350526499613 0.0373622640844119 2.86619547993992 2.95489505009522
0.175775362208856 0.0384330149657459 2.86975365190926 2.96027092015815
0.158350526499613 0.0373622640844119 2.86619547993992 2.95489505009522
0.132449271625914 0.0377976753382731 2.85687373105517 2.94674096228986
0.147822103552197 0.03650839018097 2.8614212455751 2.95086401219032
0.149858348911332 0.0362555445344496 2.86736479328763 2.95200960993105
0.174465863709833 0.0358967038113181 2.87724232751188 2.9594580426365
0.19436636797304 0.035720740923189 2.88196628298814 2.96592329129324
0.204307046421195 0.0342705352023655 2.88689546214025 2.96899821803946
0.137770918460738 0.0350168337188492 2.8621539991807 2.94795817145906
0.146727637087873 0.0368554669539995 2.86586554334335 2.95120111763573
0.147822103552197 0.03650839018097 2.8614212455751 2.95086401219032
0.149858348911332 0.0362555445344496 2.86736479328763 2.95200960993105
0.146727637087873 0.0368554669539995 2.86586554334335 2.95120111763573
0.132449271625914 0.0377976753382731 2.85687373105517 2.94674096228986
0.137770918460738 0.0350168337188492 2.8621539991807 2.94795817145906
0.174465863709833 0.0358967038113181 2.87724232751188 2.9594580426365
0.19436636797304 0.035720740923189 2.88196628298814 2.96592329129324
0.175775362208856 0.0384330149657459 2.86975365190926 2.96027092015815
0.158350526499613 0.0373622640844119 2.86619547993992 2.95489505009522
0.204307046421195 0.0342705352023655 2.88689546214025 2.96899821803946
0.132449271625914 0.0377976753382731 2.85687373105517 2.94674096228986
0.146727637087873 0.0368554669539995 2.86586554334335 2.95120111763573
0.174465863709833 0.0358967038113181 2.87724232751188 2.9594580426365
0.19436636797304 0.035720740923189 2.88196628298814 2.96592329129324
0.158350526499613 0.0373622640844119 2.86619547993992 2.95489505009522
0.149858348911332 0.0362555445344496 2.86736479328763 2.95200960993105
0.204307046421195 0.0342705352023655 2.88689546214025 2.96899821803946
0.147822103552197 0.03650839018097 2.8614212455751 2.95086401219032
0.175775362208856 0.0384330149657459 2.86975365190926 2.96027092015815
0.137770918460738 0.0350168337188492 2.8621539991807 2.94795817145906
0.204307046421195 0.0342705352023655 2.88689546214025 2.96899821803946
0.146727637087873 0.0368554669539995 2.86586554334335 2.95120111763573
0.174465863709833 0.0358967038113181 2.87724232751188 2.9594580426365
0.147822103552197 0.03650839018097 2.8614212455751 2.95086401219032
0.149858348911332 0.0362555445344496 2.86736479328763 2.95200960993105
0.137770918460738 0.0350168337188492 2.8621539991807 2.94795817145906
0.175775362208856 0.0384330149657459 2.86975365190926 2.96027092015815
0.19436636797304 0.035720740923189 2.88196628298814 2.96592329129324
0.158350526499613 0.0373622640844119 2.86619547993992 2.95489505009522
0.132449271625914 0.0377976753382731 2.85687373105517 2.94674096228986
0.204307046421195 0.0342705352023655 2.88689546214025 2.96899821803946
0.132449271625914 0.0377976753382731 2.85687373105517 2.94674096228986
0.175775362208856 0.0384330149657459 2.86975365190926 2.96027092015815
0.19436636797304 0.035720740923189 2.88196628298814 2.96592329129324
0.147822103552197 0.03650839018097 2.8614212455751 2.95086401219032
0.174465863709833 0.0358967038113181 2.87724232751188 2.9594580426365
0.146727637087873 0.0368554669539995 2.86586554334335 2.95120111763573
0.137770918460738 0.0350168337188492 2.8621539991807 2.94795817145906
0.149858348911332 0.0362555445344496 2.86736479328763 2.95200960993105
0.158350526499613 0.0373622640844119 2.86619547993992 2.95489505009522
0.132449271625914 0.0377976753382731 2.85687373105517 2.94674096228986
0.158350526499613 0.0373622640844119 2.86619547993992 2.95489505009522
0.204307046421195 0.0342705352023655 2.88689546214025 2.96899821803946
0.147822103552197 0.03650839018097 2.8614212455751 2.95086401219032
0.175775362208856 0.0384330149657459 2.86975365190926 2.96027092015815
0.146727637087873 0.0368554669539995 2.86586554334335 2.95120111763573
0.19436636797304 0.035720740923189 2.88196628298814 2.96592329129324
0.174465863709833 0.0358967038113181 2.87724232751188 2.9594580426365
0.137770918460738 0.0350168337188492 2.8621539991807 2.94795817145906
0.149858348911332 0.0362555445344496 2.86736479328763 2.95200960993105
0.146727637087873 0.0368554669539995 2.86586554334335 2.95120111763573
0.147822103552197 0.03650839018097 2.8614212455751 2.95086401219032
0.175775362208856 0.0384330149657459 2.86975365190926 2.96027092015815
0.149858348911332 0.0362555445344496 2.86736479328763 2.95200960993105
0.158350526499613 0.0373622640844119 2.86619547993992 2.95489505009522
0.132449271625914 0.0377976753382731 2.85687373105517 2.94674096228986
0.137770918460738 0.0350168337188492 2.8621539991807 2.94795817145906
0.19436636797304 0.035720740923189 2.88196628298814 2.96592329129324
0.174465863709833 0.0358967038113181 2.87724232751188 2.9594580426365
0.204307046421195 0.0342705352023655 2.88689546214025 2.96899821803946
0.147822103552197 0.03650839018097 2.8614212455751 2.95086401219032
0.146727637087873 0.0368554669539995 2.86586554334335 2.95120111763573
0.149858348911332 0.0362555445344496 2.86736479328763 2.95200960993105
0.132449271625914 0.0377976753382731 2.85687373105517 2.94674096228986
0.175775362208856 0.0384330149657459 2.86975365190926 2.96027092015815
0.174465863709833 0.0358967038113181 2.87724232751188 2.9594580426365
0.19436636797304 0.035720740923189 2.88196628298814 2.96592329129324
0.158350526499613 0.0373622640844119 2.86619547993992 2.95489505009522
0.137770918460738 0.0350168337188492 2.8621539991807 2.94795817145906
0.204307046421195 0.0342705352023655 2.88689546214025 2.96899821803946
0.147822103552197 0.03650839018097 2.8614212455751 2.95086401219032
0.175775362208856 0.0384330149657459 2.86975365190926 2.96027092015815
0.19436636797304 0.035720740923189 2.88196628298814 2.96592329129324
0.204307046421195 0.0342705352023655 2.88689546214025 2.96899821803946
0.149858348911332 0.0362555445344496 2.86736479328763 2.95200960993105
0.174465863709833 0.0358967038113181 2.87724232751188 2.9594580426365
0.146727637087873 0.0368554669539995 2.86586554334335 2.95120111763573
0.132449271625914 0.0377976753382731 2.85687373105517 2.94674096228986
0.158350526499613 0.0373622640844119 2.86619547993992 2.95489505009522
0.137770918460738 0.0350168337188492 2.8621539991807 2.94795817145906
0.137770918460738 0.0350168337188492 2.8621539991807 2.94795817145906
0.146727637087873 0.0368554669539995 2.86586554334335 2.95120111763573
0.175775362208856 0.0384330149657459 2.86975365190926 2.96027092015815
0.158350526499613 0.0373622640844119 2.86619547993992 2.95489505009522
0.132449271625914 0.0377976753382731 2.85687373105517 2.94674096228986
0.204307046421195 0.0342705352023655 2.88689546214025 2.96899821803946
0.147822103552197 0.03650839018097 2.8614212455751 2.95086401219032
0.19436636797304 0.035720740923189 2.88196628298814 2.96592329129324
0.149858348911332 0.0362555445344496 2.86736479328763 2.95200960993105
0.174465863709833 0.0358967038113181 2.87724232751188 2.9594580426365
0.146727637087873 0.0368554669539995 2.86586554334335 2.95120111763573
0.19436636797304 0.035720740923189 2.88196628298814 2.96592329129324
0.149858348911332 0.0362555445344496 2.86736479328763 2.95200960993105
0.132449271625914 0.0377976753382731 2.85687373105517 2.94674096228986
0.174465863709833 0.0358967038113181 2.87724232751188 2.9594580426365
0.137770918460738 0.0350168337188492 2.8621539991807 2.94795817145906
0.147822103552197 0.03650839018097 2.8614212455751 2.95086401219032
0.204307046421195 0.0342705352023655 2.88689546214025 2.96899821803946
0.158350526499613 0.0373622640844119 2.86619547993992 2.95489505009522
0.175775362208856 0.0384330149657459 2.86975365190926 2.96027092015815
0.175775362208856 0.0384330149657459 2.86975365190926 2.96027092015815
0.147822103552197 0.03650839018097 2.8614212455751 2.95086401219032
0.19436636797304 0.035720740923189 2.88196628298814 2.96592329129324
0.132449271625914 0.0377976753382731 2.85687373105517 2.94674096228986
0.174465863709833 0.0358967038113181 2.87724232751188 2.9594580426365
0.204307046421195 0.0342705352023655 2.88689546214025 2.96899821803946
0.146727637087873 0.0368554669539995 2.86586554334335 2.95120111763573
0.158350526499613 0.0373622640844119 2.86619547993992 2.95489505009522
0.149858348911332 0.0362555445344496 2.86736479328763 2.95200960993105
0.137770918460738 0.0350168337188492 2.8621539991807 2.94795817145906
0.149858348911332 0.0362555445344496 2.86736479328763 2.95200960993105
0.175775362208856 0.0384330149657459 2.86975365190926 2.96027092015815
0.174465863709833 0.0358967038113181 2.87724232751188 2.9594580426365
0.147822103552197 0.03650839018097 2.8614212455751 2.95086401219032
0.146727637087873 0.0368554669539995 2.86586554334335 2.95120111763573
0.158350526499613 0.0373622640844119 2.86619547993992 2.95489505009522
0.19436636797304 0.035720740923189 2.88196628298814 2.96592329129324
0.204307046421195 0.0342705352023655 2.88689546214025 2.96899821803946
0.132449271625914 0.0377976753382731 2.85687373105517 2.94674096228986
0.137770918460738 0.0350168337188492 2.8621539991807 2.94795817145906
0.149858348911332 0.0362555445344496 2.86736479328763 2.95200960993105
0.204307046421195 0.0342705352023655 2.88689546214025 2.96899821803946
0.158350526499613 0.0373622640844119 2.86619547993992 2.95489505009522
0.147822103552197 0.03650839018097 2.8614212455751 2.95086401219032
0.146727637087873 0.0368554669539995 2.86586554334335 2.95120111763573
0.175775362208856 0.0384330149657459 2.86975365190926 2.96027092015815
0.137770918460738 0.0350168337188492 2.8621539991807 2.94795817145906
0.174465863709833 0.0358967038113181 2.87724232751188 2.9594580426365
0.132449271625914 0.0377976753382731 2.85687373105517 2.94674096228986
0.19436636797304 0.035720740923189 2.88196628298814 2.96592329129324
0.158350526499613 0.0373622640844119 2.86619547993992 2.95489505009522
0.174465863709833 0.0358967038113181 2.87724232751188 2.9594580426365
0.137770918460738 0.0350168337188492 2.8621539991807 2.94795817145906
0.204307046421195 0.0342705352023655 2.88689546214025 2.96899821803946
0.175775362208856 0.0384330149657459 2.86975365190926 2.96027092015815
0.146727637087873 0.0368554669539995 2.86586554334335 2.95120111763573
0.147822103552197 0.03650839018097 2.8614212455751 2.95086401219032
0.149858348911332 0.0362555445344496 2.86736479328763 2.95200960993105
0.132449271625914 0.0377976753382731 2.85687373105517 2.94674096228986
0.19436636797304 0.035720740923189 2.88196628298814 2.96592329129324
0.174465863709833 0.0358967038113181 2.87724232751188 2.9594580426365
0.149858348911332 0.0362555445344496 2.86736479328763 2.95200960993105
0.175775362208856 0.0384330149657459 2.86975365190926 2.96027092015815
0.132449271625914 0.0377976753382731 2.85687373105517 2.94674096228986
0.19436636797304 0.035720740923189 2.88196628298814 2.96592329129324
0.204307046421195 0.0342705352023655 2.88689546214025 2.96899821803946
0.146727637087873 0.0368554669539995 2.86586554334335 2.95120111763573
0.137770918460738 0.0350168337188492 2.8621539991807 2.94795817145906
0.158350526499613 0.0373622640844119 2.86619547993992 2.95489505009522
0.147822103552197 0.03650839018097 2.8614212455751 2.95086401219032
0.149858348911332 0.0362555445344496 2.86736479328763 2.95200960993105
0.147822103552197 0.03650839018097 2.8614212455751 2.95086401219032
0.132449271625914 0.0377976753382731 2.85687373105517 2.94674096228986
0.158350526499613 0.0373622640844119 2.86619547993992 2.95489505009522
0.174465863709833 0.0358967038113181 2.87724232751188 2.9594580426365
0.146727637087873 0.0368554669539995 2.86586554334335 2.95120111763573
0.175775362208856 0.0384330149657459 2.86975365190926 2.96027092015815
0.19436636797304 0.035720740923189 2.88196628298814 2.96592329129324
0.204307046421195 0.0342705352023655 2.88689546214025 2.96899821803946
0.137770918460738 0.0350168337188492 2.8621539991807 2.94795817145906
0.174465863709833 0.0358967038113181 2.87724232751188 2.9594580426365
0.175775362208856 0.0384330149657459 2.86975365190926 2.96027092015815
0.137770918460738 0.0350168337188492 2.8621539991807 2.94795817145906
0.19436636797304 0.035720740923189 2.88196628298814 2.96592329129324
0.132449271625914 0.0377976753382731 2.85687373105517 2.94674096228986
0.158350526499613 0.0373622640844119 2.86619547993992 2.95489505009522
0.146727637087873 0.0368554669539995 2.86586554334335 2.95120111763573
0.204307046421195 0.0342705352023655 2.88689546214025 2.96899821803946
0.147822103552197 0.03650839018097 2.8614212455751 2.95086401219032
0.149858348911332 0.0362555445344496 2.86736479328763 2.95200960993105
0.175775362208856 0.0384330149657459 2.86975365190926 2.96027092015815
0.204307046421195 0.0342705352023655 2.88689546214025 2.96899821803946
0.147822103552197 0.03650839018097 2.8614212455751 2.95086401219032
0.174465863709833 0.0358967038113181 2.87724232751188 2.9594580426365
0.149858348911332 0.0362555445344496 2.86736479328763 2.95200960993105
0.19436636797304 0.035720740923189 2.88196628298814 2.96592329129324
0.137770918460738 0.0350168337188492 2.8621539991807 2.94795817145906
0.146727637087873 0.0368554669539995 2.86586554334335 2.95120111763573
0.158350526499613 0.0373622640844119 2.86619547993992 2.95489505009522
0.132449271625914 0.0377976753382731 2.85687373105517 2.94674096228986
0.204307046421195 0.0342705352023655 2.88689546214025 2.96899821803946
0.132449271625914 0.0377976753382731 2.85687373105517 2.94674096228986
0.147822103552197 0.03650839018097 2.8614212455751 2.95086401219032
0.174465863709833 0.0358967038113181 2.87724232751188 2.9594580426365
0.149858348911332 0.0362555445344496 2.86736479328763 2.95200960993105
0.175775362208856 0.0384330149657459 2.86975365190926 2.96027092015815
0.19436636797304 0.035720740923189 2.88196628298814 2.96592329129324
0.146727637087873 0.0368554669539995 2.86586554334335 2.95120111763573
0.137770918460738 0.0350168337188492 2.8621539991807 2.94795817145906
0.158350526499613 0.0373622640844119 2.86619547993992 2.95489505009522
0.149858348911332 0.0362555445344496 2.86736479328763 2.95200960993105
0.132449271625914 0.0377976753382731 2.85687373105517 2.94674096228986
0.146727637087873 0.0368554669539995 2.86586554334335 2.95120111763573
0.174465863709833 0.0358967038113181 2.87724232751188 2.9594580426365
0.147822103552197 0.03650839018097 2.8614212455751 2.95086401219032
0.137770918460738 0.0350168337188492 2.8621539991807 2.94795817145906
0.204307046421195 0.0342705352023655 2.88689546214025 2.96899821803946
0.158350526499613 0.0373622640844119 2.86619547993992 2.95489505009522
0.175775362208856 0.0384330149657459 2.86975365190926 2.96027092015815
0.19436636797304 0.035720740923189 2.88196628298814 2.96592329129324
0.174465863709833 0.0358967038113181 2.87724232751188 2.9594580426365
0.19436636797304 0.035720740923189 2.88196628298814 2.96592329129324
0.146727637087873 0.0368554669539995 2.86586554334335 2.95120111763573
0.204307046421195 0.0342705352023655 2.88689546214025 2.96899821803946
0.132449271625914 0.0377976753382731 2.85687373105517 2.94674096228986
0.158350526499613 0.0373622640844119 2.86619547993992 2.95489505009522
0.147822103552197 0.03650839018097 2.8614212455751 2.95086401219032
0.149858348911332 0.0362555445344496 2.86736479328763 2.95200960993105
0.137770918460738 0.0350168337188492 2.8621539991807 2.94795817145906
0.175775362208856 0.0384330149657459 2.86975365190926 2.96027092015815
0.19436636797304 0.035720740923189 2.88196628298814 2.96592329129324
0.149858348911332 0.0362555445344496 2.86736479328763 2.95200960993105
0.146727637087873 0.0368554669539995 2.86586554334335 2.95120111763573
0.175775362208856 0.0384330149657459 2.86975365190926 2.96027092015815
0.137770918460738 0.0350168337188492 2.8621539991807 2.94795817145906
0.132449271625914 0.0377976753382731 2.85687373105517 2.94674096228986
0.174465863709833 0.0358967038113181 2.87724232751188 2.9594580426365
0.204307046421195 0.0342705352023655 2.88689546214025 2.96899821803946
0.158350526499613 0.0373622640844119 2.86619547993992 2.95489505009522
0.147822103552197 0.03650839018097 2.8614212455751 2.95086401219032
0.147822103552197 0.03650839018097 2.8614212455751 2.95086401219032
0.204307046421195 0.0342705352023655 2.88689546214025 2.96899821803946
0.175775362208856 0.0384330149657459 2.86975365190926 2.96027092015815
0.132449271625914 0.0377976753382731 2.85687373105517 2.94674096228986
0.146727637087873 0.0368554669539995 2.86586554334335 2.95120111763573
0.137770918460738 0.0350168337188492 2.8621539991807 2.94795817145906
0.149858348911332 0.0362555445344496 2.86736479328763 2.95200960993105
0.174465863709833 0.0358967038113181 2.87724232751188 2.9594580426365
0.158350526499613 0.0373622640844119 2.86619547993992 2.95489505009522
0.19436636797304 0.035720740923189 2.88196628298814 2.96592329129324
0.147822103552197 0.03650839018097 2.8614212455751 2.95086401219032
0.175775362208856 0.0384330149657459 2.86975365190926 2.96027092015815
0.132449271625914 0.0377976753382731 2.85687373105517 2.94674096228986
0.19436636797304 0.035720740923189 2.88196628298814 2.96592329129324
0.158350526499613 0.0373622640844119 2.86619547993992 2.95489505009522
0.137770918460738 0.0350168337188492 2.8621539991807 2.94795817145906
0.204307046421195 0.0342705352023655 2.88689546214025 2.96899821803946
0.149858348911332 0.0362555445344496 2.86736479328763 2.95200960993105
0.146727637087873 0.0368554669539995 2.86586554334335 2.95120111763573
0.174465863709833 0.0358967038113181 2.87724232751188 2.9594580426365
0.19436636797304 0.035720740923189 2.88196628298814 2.96592329129324
0.132449271625914 0.0377976753382731 2.85687373105517 2.94674096228986
0.149858348911332 0.0362555445344496 2.86736479328763 2.95200960993105
0.147822103552197 0.03650839018097 2.8614212455751 2.95086401219032
0.146727637087873 0.0368554669539995 2.86586554334335 2.95120111763573
0.174465863709833 0.0358967038113181 2.87724232751188 2.9594580426365
0.175775362208856 0.0384330149657459 2.86975365190926 2.96027092015815
0.158350526499613 0.0373622640844119 2.86619547993992 2.95489505009522
0.137770918460738 0.0350168337188492 2.8621539991807 2.94795817145906
0.204307046421195 0.0342705352023655 2.88689546214025 2.96899821803946
