0.121364910300775 0.108907114456677 2.89853795299446 2.97846743346761
0.114311285433791 0.103812003631182 2.89405870357584 2.97492905303064
0.11175153732588 0.101041766108727 2.89321663469543 2.97304795511947
0.133447812961653 0.100955219127781 2.90569327739694 2.98432629991251
0.113543774029553 0.0990263042294756 2.8954282816769 2.97407627471581
0.106538245367367 0.105563818108092 2.89156531066686 2.97050508381609
0.107772290889738 0.103755361096244 2.89124816045144 2.9713280763022
0.101676870354441 0.104570466005799 2.88653754626087 2.96837750095067
0.115117720255068 0.101767958337254 2.89268290384146 2.97495168360789
0.112153426363569 0.108320725617943 2.89290225856591 2.9737860169922
0.121364910300775 0.108907114456677 2.89853795299446 2.97846743346761
0.114311285433791 0.103812003631182 2.89405870357584 2.97492905303064
0.106538245367367 0.105563818108092 2.89156531066686 2.97050508381609
0.107772290889738 0.103755361096244 2.89124816045144 2.9713280763022
0.115117720255068 0.101767958337254 2.89268290384146 2.97495168360789
0.112153426363569 0.108320725617943 2.89290225856591 2.9737860169922
0.113543774029553 0.0990263042294756 2.8954282816769 2.97407627471581
0.133447812961653 0.100955219127781 2.90569327739694 2.98432629991251
0.101676870354441 0.104570466005799 2.88653754626087 2.96837750095067
0.11175153732588 0.101041766108727 2.89321663469543 2.97304795511947
0.121364910300775 0.108907114456677 2.89853795299446 2.97846743346761
0.11175153732588 0.101041766108727 2.89321663469543 2.97304795511947
0.107772290889738 0.103755361096244 2.89124816045144 2.9713280763022
0.113543774029553 0.0990263042294756 2.8954282816769 2.97407627471581
0.106538245367367 0.105563818108092 2.89156531066686 2.97050508381609
0.114311285433791 0.103812003631182 2.89405870357584 2.97492905303064
0.101676870354441 0.104570466005799 2.88653754626087 2.96837750095067
0.133447812961653 0.100955219127781 2.90569327739694 2.98432629991251
0.112153426363569 0.108320725617943 2.89290225856591 2.9737860169922
0.115117720255068 0.101767958337254 2.89268290384146 2.97495168360789
0.107772290889738 0.103755361096244 2.89124816045144 2.9713280763022
0.101676870354441 0.104570466005799 2.88653754626087 2.96837750095067
0.113543774029553 0.0990263042294756 2.8954282816769 2.97407627471581
0.114311285433791 0.103812003631182 2.89405870357584 2.97492905303064
0.11175153732588 0.101041766108727 2.89321663469543 2.97304795511947
0.106538245367367 0.105563818108092 2.89156531066686 2.97050508381609
0.112153426363569 0.108320725617943 2.89290225856591 2.9737860169922
0.121364910300775 0.108907114456677 2.89853795299446 2.97846743346761
0.133447812961653 0.100955219127781 2.90569327739694 2.98432629991251
0.115117720255068 0.101767958337254 2.89268290384146 2.97495168360789
0.113543774029553 0.0990263042294756 2.8954282816769 2.97407627471581
0.115117720255068 0.101767958337254 2.89268290384146 2.97495168360789
0.112153426363569 0.108320725617943 2.89290225856591 2.9737860169922
0.106538245367367 0.105563818108092 2.89156531066686 2.97050508381609
0.121364910300775 0.108907114456677 2.89853795299446 2.97846743346761
0.133447812961653 0.100955219127781 2.90569327739694 2.98432629991251
0.114311285433791 0.103812003631182 2.89405870357584 2.97492905303064
0.11175153732588 0.101041766108727 2.89321663469543 2.97304795511947
0.101676870354441 0.104570466005799 2.88653754626087 2.96837750095067
0.107772290889738 0.103755361096244 2.89124816045144 2.9713280763022
0.106538245367367 0.105563818108092 2.89156531066686 2.97050508381609
0.107772290889738 0.103755361096244 2.89124816045144 2.9713280763022
0.121364910300775 0.108907114456677 2.89853795299446 2.97846743346761
0.112153426363569 0.108320725617943 2.89290225856591 2.9737860169922
0.101676870354441 0.104570466005799 2.88653754626087 2.96837750095067
0.11175153732588 0.101041766108727 2.89321663469543 2.97304795511947
0.133447812961653 0.100955219127781 2.90569327739694 2.98432629991251
0.113543774029553 0.0990263042294756 2.8954282816769 2.97407627471581
0.115117720255068 0.101767958337254 2.89268290384146 2.97495168360789
0.114311285433791 0.103812003631182 2.89405870357584 2.97492905303064
0.114311285433791 0.103812003631182 2.89405870357584 2.97492905303064
0.107772290889738 0.103755361096244 2.89124816045144 2.9713280763022
0.112153426363569 0.108320725617943 2.89290225856591 2.9737860169922
0.113543774029553 0.0990263042294756 2.8954282816769 2.97407627471581
0.121364910300775 0.108907114456677 2.89853795299446 2.97846743346761
0.115117720255068 0.101767958337254 2.89268290384146 2.97495168360789
0.101676870354441 0.104570466005799 2.88653754626087 2.96837750095067
0.11175153732588 0.101041766108727 2.89321663469543 2.97304795511947
0.106538245367367 0.105563818108092 2.89156531066686 2.97050508381609
0.133447812961653 0.100955219127781 2.90569327739694 2.98432629991251
0.101676870354441 0.104570466005799 2.88653754626087 2.96837750095067
0.11175153732588 0.101041766108727 2.89321663469543 2.97304795511947
0.114311285433791 0.103812003631182 2.89405870357584 2.97492905303064
0.107772290889738 0.103755361096244 2.89124816045144 2.9713280763022
0.115117720255068 0.101767958337254 2.89268290384146 2.97495168360789
0.112153426363569 0.108320725617943 2.89290225856591 2.9737860169922
0.106538245367367 0.105563818108092 2.89156531066686 2.97050508381609
0.133447812961653 0.100955219127781 2.90569327739694 2.98432629991251
0.121364910300775 0.108907114456677 2.89853795299446 2.97846743346761
0.113543774029553 0.0990263042294756 2.8954282816769 2.97407627471581
0.106538245367367 0.105563818108092 2.89156531066686 2.97050508381609
0.121364910300775 0.108907114456677 2.89853795299446 2.97846743346761
0.101676870354441 0.104570466005799 2.88653754626087 2.96837750095067
0.114311285433791 0.103812003631182 2.89405870357584 2.97492905303064
0.112153426363569 0.108320725617943 2.89290225856591 2.9737860169922
0.133447812961653 0.100955219127781 2.90569327739694 2.98432629991251
0.107772290889738 0.103755361096244 2.89124816045144 2.9713280763022
0.11175153732588 0.101041766108727 2.89321663469543 2.97304795511947
0.113543774029553 0.0990263042294756 2.8954282816769 2.97407627471581
0.115117720255068 0.101767958337254 2.89268290384146 2.97495168360789
0.11175153732588 0.101041766108727 2.89321663469543 2.97304795511947
0.107772290889738 0.103755361096244 2.89124816045144 2.9713280763022
0.133447812961653 0.100955219127781 2.90569327739694 2.98432629991251
0.106538245367367 0.105563818108092 2.89156531066686 2.97050508381609
0.112153426363569 0.108320725617943 2.89290225856591 2.9737860169922
0.121364910300775 0.108907114456677 2.89853795299446 2.97846743346761
0.101676870354441 0.104570466005799 2.88653754626087 2.96837750095067
0.114311285433791 0.103812003631182 2.89405870357584 2.97492905303064
0.115117720255068 0.101767958337254 2.89268290384146 2.97495168360789
0.113543774029553 0.0990263042294756 2.8954282816769 2.97407627471581
0.115117720255068 0.101767958337254 2.89268290384146 2.97495168360789
0.112153426363569 0.108320725617943 2.89290225856591 2.9737860169922
0.133447812961653 0.100955219127781 2.90569327739694 2.98432629991251
0.114311285433791 0.103812003631182 2.89405870357584 2.97492905303064
0.121364910300775 0.108907114456677 2.89853795299446 2.97846743346761
0.11175153732588 0.101041766108727 2.89321663469543 2.97304795511947
0.106538245367367 0.105563818108092 2.89156531066686 2.97050508381609
0.101676870354441 0.104570466005799 2.88653754626087 2.96837750095067
0.107772290889738 0.103755361096244 2.89124816045144 2.9713280763022
0.113543774029553 0.0990263042294756 2.8954282816769 2.97407627471581
0.101676870354441 0.104570466005799 2.88653754626087 2.96837750095067
0.114311285433791 0.103812003631182 2.89405870357584 2.97492905303064
0.112153426363569 0.108320725617943 2.89290225856591 2.9737860169922
0.11175153732588 0.101041766108727 2.89321663469543 2.97304795511947
0.121364910300775 0.108907114456677 2.89853795299446 2.97846743346761
0.115117720255068 0.101767958337254 2.89268290384146 2.97495168360789
0.106538245367367 0.105563818108092 2.89156531066686 2.97050508381609
0.107772290889738 0.103755361096244 2.89124816045144 2.9713280763022
0.113543774029553 0.0990263042294756 2.8954282816769 2.97407627471581
0.133447812961653 0.100955219127781 2.90569327739694 2.98432629991251
0.115117720255068 0.101767958337254 2.89268290384146 2.97495168360789
0.133447812961653 0.100955219127781 2.90569327739694 2.98432629991251
0.106538245367367 0.105563818108092 2.89156531066686 2.97050508381609
0.113543774029553 0.0990263042294756 2.8954282816769 2.97407627471581
0.114311285433791 0.103812003631182 2.89405870357584 2.97492905303064
0.107772290889738 0.103755361096244 2.89124816045144 2.9713280763022
0.112153426363569 0.108320725617943 2.89290225856591 2.9737860169922
0.101676870354441 0.104570466005799 2.88653754626087 2.96837750095067
0.121364910300775 0.108907114456677 2.89853795299446 2.97846743346761
0.11175153732588 0.101041766108727 2.89321663469543 2.97304795511947
0.121364910300775 0.108907114456677 2.89853795299446 2.97846743346761
0.106538245367367 0.105563818108092 2.89156531066686 2.97050508381609
0.112153426363569 0.108320725617943 2.89290225856591 2.9737860169922
0.101676870354441 0.104570466005799 2.88653754626087 2.96837750095067
0.11175153732588 0.101041766108727 2.89321663469543 2.97304795511947
0.113543774029553 0.0990263042294756 2.8954282816769 2.97407627471581
0.114311285433791 0.103812003631182 2.89405870357584 2.97492905303064
0.107772290889738 0.103755361096244 2.89124816045144 2.9713280763022
0.115117720255068 0.101767958337254 2.89268290384146 2.97495168360789
0.133447812961653 0.100955219127781 2.90569327739694 2.98432629991251
0.121364910300775 0.108907114456677 2.89853795299446 2.97846743346761
0.112153426363569 0.108320725617943 2.89290225856591 2.9737860169922
0.11175153732588 0.101041766108727 2.89321663469543 2.97304795511947
0.106538245367367 0.105563818108092 2.89156531066686 2.97050508381609
0.113543774029553 0.0990263042294756 2.8954282816769 2.97407627471581
0.101676870354441 0.104570466005799 2.88653754626087 2.96837750095067
0.115117720255068 0.101767958337254 2.89268290384146 2.97495168360789
0.107772290889738 0.103755361096244 2.89124816045144 2.9713280763022
0.114311285433791 0.103812003631182 2.89405870357584 2.97492905303064
0.133447812961653 0.100955219127781 2.90569327739694 2.98432629991251
0.114311285433791 0.103812003631182 2.89405870357584 2.97492905303064
0.107772290889738 0.103755361096244 2.89124816045144 2.9713280763022
0.115117720255068 0.101767958337254 2.89268290384146 2.97495168360789
0.113543774029553 0.0990263042294756 2.8954282816769 2.97407627471581
0.11175153732588 0.101041766108727 2.89321663469543 2.97304795511947
0.101676870354441 0.104570466005799 2.88653754626087 2.96837750095067
0.112153426363569 0.108320725617943 2.89290225856591 2.9737860169922
0.121364910300775 0.108907114456677 2.89853795299446 2.97846743346761
0.106538245367367 0.105563818108092 2.89156531066686 2.97050508381609
0.133447812961653 0.100955219127781 2.90569327739694 2.98432629991251
0.101676870354441 0.104570466005799 2.88653754626087 2.96837750095067
0.113543774029553 0.0990263042294756 2.8954282816769 2.97407627471581
0.107772290889738 0.103755361096244 2.89124816045144 2.9713280763022
0.112153426363569 0.108320725617943 2.89290225856591 2.9737860169922
0.133447812961653 0.100955219127781 2.90569327739694 2.98432629991251
0.115117720255068 0.101767958337254 2.89268290384146 2.97495168360789
0.11175153732588 0.101041766108727 2.89321663469543 2.97304795511947
0.114311285433791 0.103812003631182 2.89405870357584 2.97492905303064
0.106538245367367 0.105563818108092 2.89156531066686 2.97050508381609
0.121364910300775 0.108907114456677 2.89853795299446 2.97846743346761
0.133447812961653 0.100955219127781 2.90569327739694 2.98432629991251
0.107772290889738 0.103755361096244 2.89124816045144 2.9713280763022
0.113543774029553 0.0990263042294756 2.8954282816769 2.97407627471581
0.114311285433791 0.103812003631182 2.89405870357584 2.97492905303064
0.112153426363569 0.108320725617943 2.89290225856591 2.9737860169922
0.101676870354441 0.104570466005799 2.88653754626087 2.96837750095067
0.11175153732588 0.101041766108727 2.89321663469543 2.97304795511947
0.121364910300775 0.108907114456677 2.89853795299446 2.97846743346761
0.106538245367367 0.105563818108092 2.89156531066686 2.97050508381609
0.115117720255068 0.101767958337254 2.89268290384146 2.97495168360789
0.101676870354441 0.104570466005799 2.88653754626087 2.96837750095067
0.11175153732588 0.101041766108727 2.89321663469543 2.97304795511947
0.115117720255068 0.101767958337254 2.89268290384146 2.97495168360789
0.121364910300775 0.108907114456677 2.89853795299446 2.97846743346761
0.106538245367367 0.105563818108092 2.89156531066686 2.97050508381609
0.112153426363569 0.108320725617943 2.89290225856591 2.9737860169922
0.133447812961653 0.100955219127781 2.90569327739694 2.98432629991251
0.114311285433791 0.103812003631182 2.89405870357584 2.97492905303064
0.113543774029553 0.0990263042294756 2.8954282816769 2.97407627471581
0.107772290889738 0.103755361096244 2.89124816045144 2.9713280763022
0.101676870354441 0.104570466005799 2.88653754626087 2.96837750095067
0.115117720255068 0.101767958337254 2.89268290384146 2.97495168360789
0.11175153732588 0.101041766108727 2.89321663469543 2.97304795511947
0.114311285433791 0.103812003631182 2.89405870357584 2.97492905303064
0.113543774029553 0.0990263042294756 2.8954282816769 2.97407627471581
0.107772290889738 0.103755361096244 2.89124816045144 2.9713280763022
0.133447812961653 0.100955219127781 2.90569327739694 2.98432629991251
0.112153426363569 0.108320725617943 2.89290225856591 2.9737860169922
0.106538245367367 0.105563818108092 2.89156531066686 2.97050508381609
0.121364910300775 0.108907114456677 2.89853795299446 2.97846743346761
0.115117720255068 0.101767958337254 2.89268290384146 2.97495168360789
0.113543774029553 0.0990263042294756 2.8954282816769 2.97407627471581
0.114311285433791 0.103812003631182 2.89405870357584 2.97492905303064
0.106538245367367 0.105563818108092 2.89156531066686 2.97050508381609
0.133447812961653 0.100955219127781 2.90569327739694 2.98432629991251
0.107772290889738 0.103755361096244 2.89124816045144 2.9713280763022
0.11175153732588 0.101041766108727 2.89321663469543 2.97304795511947
0.112153426363569 0.108320725617943 2.89290225856591 2.9737860169922
0.101676870354441 0.104570466005799 2.88653754626087 2.96837750095067
0.121364910300775 0.108907114456677 2.89853795299446 2.97846743346761
0.11175153732588 0.101041766108727 2.89321663469543 2.97304795511947
0.114311285433791 0.103812003631182 2.89405870357584 2.97492905303064
0.107772290889738 0.103755361096244 2.89124816045144 2.9713280763022
0.112153426363569 0.108320725617943 2.89290225856591 2.9737860169922
0.133447812961653 0.100955219127781 2.90569327739694 2.98432629991251
0.101676870354441 0.104570466005799 2.88653754626087 2.96837750095067
0.106538245367367 0.105563818108092 2.89156531066686 2.97050508381609
0.113543774029553 0.0990263042294756 2.8954282816769 2.97407627471581
0.115117720255068 0.101767958337254 2.89268290384146 2.97495168360789
0.121364910300775 0.108907114456677 2.89853795299446 2.97846743346761
0.107772290889738 0.103755361096244 2.89124816045144 2.9713280763022
0.133447812961653 0.100955219127781 2.90569327739694 2.98432629991251
0.114311285433791 0.103812003631182 2.89405870357584 2.97492905303064
0.121364910300775 0.108907114456677 2.89853795299446 2.97846743346761
0.101676870354441 0.104570466005799 2.88653754626087 2.96837750095067
0.112153426363569 0.108320725617943 2.89290225856591 2.9737860169922
0.113543774029553 0.0990263042294756 2.8954282816769 2.97407627471581
0.106538245367367 0.105563818108092 2.89156531066686 2.97050508381609
0.11175153732588 0.101041766108727 2.89321663469543 2.97304795511947
0.115117720255068 0.101767958337254 2.89268290384146 2.97495168360789
0.133447812961653 0.100955219127781 2.90569327739694 2.98432629991251
0.115117720255068 0.101767958337254 2.89268290384146 2.97495168360789
0.101676870354441 0.104570466005799 2.88653754626087 2.96837750095067
0.114311285433791 0.103812003631182 2.89405870357584 2.97492905303064
0.107772290889738 0.103755361096244 2.89124816045144 2.9713280763022
0.106538245367367 0.105563818108092 2.89156531066686 2.97050508381609
0.11175153732588 0.101041766108727 2.89321663469543 2.97304795511947
0.121364910300775 0.108907114456677 2.89853795299446 2.97846743346761
0.113543774029553 0.0990263042294756 2.8954282816769 2.97407627471581
0.112153426363569 0.108320725617943 2.89290225856591 2.9737860169922
0.11175153732588 0.101041766108727 2.89321663469543 2.97304795511947
0.101676870354441 0.104570466005799 2.88653754626087 2.96837750095067
0.121364910300775 0.108907114456677 2.89853795299446 2.97846743346761
0.113543774029553 0.0990263042294756 2.8954282816769 2.97407627471581
0.106538245367367 0.105563818108092 2.89156531066686 2.97050508381609
0.115117720255068 0.101767958337254 2.89268290384146 2.97495168360789
0.112153426363569 0.108320725617943 2.89290225856591 2.9737860169922
0.114311285433791 0.103812003631182 2.89405870357584 2.97492905303064
0.107772290889738 0.103755361096244 2.89124816045144 2.9713280763022
0.133447812961653 0.100955219127781 2.90569327739694 2.98432629991251
0.114311285433791 0.103812003631182 2.89405870357584 2.97492905303064
0.106538245367367 0.105563818108092 2.89156531066686 2.97050508381609
0.11175153732588 0.101041766108727 2.89321663469543 2.97304795511947
0.113543774029553 0.0990263042294756 2.8954282816769 2.97407627471581
0.115117720255068 0.101767958337254 2.89268290384146 2.97495168360789
0.107772290889738 0.103755361096244 2.89124816045144 2.9713280763022
0.112153426363569 0.108320725617943 2.89290225856591 2.9737860169922
0.121364910300775 0.108907114456677 2.89853795299446 2.97846743346761
0.133447812961653 0.100955219127781 2.90569327739694 2.98432629991251
0.101676870354441 0.104570466005799 2.88653754626087 2.96837750095067
0.114311285433791 0.103812003631182 2.89405870357584 2.97492905303064
0.133447812961653 0.100955219127781 2.90569327739694 2.98432629991251
0.121364910300775 0.108907114456677 2.89853795299446 2.97846743346761
0.115117720255068 0.101767958337254 2.89268290384146 2.97495168360789
0.11175153732588 0.101041766108727 2.89321663469543 2.97304795511947
0.101676870354441 0.104570466005799 2.88653754626087 2.96837750095067
0.107772290889738 0.103755361096244 2.89124816045144 2.9713280763022
0.113543774029553 0.0990263042294756 2.8954282816769 2.97407627471581
0.106538245367367 0.105563818108092 2.89156531066686 2.97050508381609
0.112153426363569 0.108320725617943 2.89290225856591 2.9737860169922
0.115117720255068 0.101767958337254 2.89268290384146 2.97495168360789
0.133447812961653 0.100955219127781 2.90569327739694 2.98432629991251
0.107772290889738 0.103755361096244 2.89124816045144 2.9713280763022
0.114311285433791 0.103812003631182 2.89405870357584 2.97492905303064
0.106538245367367 0.105563818108092 2.89156531066686 2.97050508381609
0.113543774029553 0.0990263042294756 2.8954282816769 2.97407627471581
0.11175153732588 0.101041766108727 2.89321663469543 2.97304795511947
0.121364910300775 0.108907114456677 2.89853795299446 2.97846743346761
0.112153426363569 0.108320725617943 2.89290225856591 2.9737860169922
0.101676870354441 0.104570466005799 2.88653754626087 2.96837750095067
0.113543774029553 0.0990263042294756 2.8954282816769 2.97407627471581
0.106538245367367 0.105563818108092 2.89156531066686 2.97050508381609
0.115117720255068 0.101767958337254 2.89268290384146 2.97495168360789
0.11175153732588 0.101041766108727 2.89321663469543 2.97304795511947
0.133447812961653 0.100955219127781 2.90569327739694 2.98432629991251
0.101676870354441 0.104570466005799 2.88653754626087 2.96837750095067
0.121364910300775 0.108907114456677 2.89853795299446 2.97846743346761
0.112153426363569 0.108320725617943 2.89290225856591 2.9737860169922
0.114311285433791 0.103812003631182 2.89405870357584 2.97492905303064
0.107772290889738 0.103755361096244 2.89124816045144 2.9713280763022
0.133447812961653 0.100955219127781 2.90569327739694 2.98432629991251
0.121364910300775 0.108907114456677 2.89853795299446 2.97846743346761
0.112153426363569 0.108320725617943 2.89290225856591 2.9737860169922
0.115117720255068 0.101767958337254 2.89268290384146 2.97495168360789
0.11175153732588 0.101041766108727 2.89321663469543 2.97304795511947
0.114311285433791 0.103812003631182 2.89405870357584 2.97492905303064
0.113543774029553 0.0990263042294756 2.8954282816769 2.97407627471581
0.101676870354441 0.104570466005799 2.88653754626087 2.96837750095067
0.107772290889738 0.103755361096244 2.89124816045144 2.9713280763022
0.106538245367367 0.105563818108092 2.89156531066686 2.97050508381609
0.133447812961653 0.100955219127781 2.90569327739694 2.98432629991251
0.107772290889738 0.103755361096244 2.89124816045144 2.9713280763022
0.115117720255068 0.101767958337254 2.89268290384146 2.97495168360789
0.113543774029553 0.0990263042294756 2.8954282816769 2.97407627471581
0.121364910300775 0.108907114456677 2.89853795299446 2.97846743346761
0.112153426363569 0.108320725617943 2.89290225856591 2.9737860169922
0.106538245367367 0.105563818108092 2.89156531066686 2.97050508381609
0.101676870354441 0.104570466005799 2.88653754626087 2.96837750095067
0.11175153732588 0.101041766108727 2.89321663469543 2.97304795511947
0.114311285433791 0.103812003631182 2.89405870357584 2.97492905303064
0.112153426363569 0.108320725617943 2.89290225856591 2.9737860169922
0.113543774029553 0.0990263042294756 2.8954282816769 2.97407627471581
0.121364910300775 0.108907114456677 2.89853795299446 2.97846743346761
0.107772290889738 0.103755361096244 2.89124816045144 2.9713280763022
0.133447812961653 0.100955219127781 2.90569327739694 2.98432629991251
0.11175153732588 0.101041766108727 2.89321663469543 2.97304795511947
0.115117720255068 0.101767958337254 2.89268290384146 2.97495168360789
0.101676870354441 0.104570466005799 2.88653754626087 2.96837750095067
0.106538245367367 0.105563818108092 2.89156531066686 2.97050508381609
0.114311285433791 0.103812003631182 2.89405870357584 2.97492905303064
0.112153426363569 0.108320725617943 2.89290225856591 2.9737860169922
0.133447812961653 0.100955219127781 2.90569327739694 2.98432629991251
0.101676870354441 0.104570466005799 2.88653754626087 2.96837750095067
0.114311285433791 0.103812003631182 2.89405870357584 2.97492905303064
0.121364910300775 0.108907114456677 2.89853795299446 2.97846743346761
0.11175153732588 0.101041766108727 2.89321663469543 2.97304795511947
0.106538245367367 0.105563818108092 2.89156531066686 2.97050508381609
0.113543774029553 0.0990263042294756 2.8954282816769 2.97407627471581
0.107772290889738 0.103755361096244 2.89124816045144 2.9713280763022
0.115117720255068 0.101767958337254 2.89268290384146 2.97495168360789
0.113543774029553 0.0990263042294756 2.8954282816769 2.97407627471581
0.106538245367367 0.105563818108092 2.89156531066686 2.97050508381609
0.11175153732588 0.101041766108727 2.89321663469543 2.97304795511947
0.112153426363569 0.108320725617943 2.89290225856591 2.9737860169922
0.107772290889738 0.103755361096244 2.89124816045144 2.9713280763022
0.101676870354441 0.104570466005799 2.88653754626087 2.96837750095067
0.114311285433791 0.103812003631182 2.89405870357584 2.97492905303064
0.133447812961653 0.100955219127781 2.90569327739694 2.98432629991251
0.115117720255068 0.101767958337254 2.89268290384146 2.97495168360789
0.121364910300775 0.108907114456677 2.89853795299446 2.97846743346761
0.114311285433791 0.103812003631182 2.89405870357584 2.97492905303064
0.121364910300775 0.108907114456677 2.89853795299446 2.97846743346761
0.115117720255068 0.101767958337254 2.89268290384146 2.97495168360789
0.107772290889738 0.103755361096244 2.89124816045144 2.9713280763022
0.112153426363569 0.108320725617943 2.89290225856591 2.9737860169922
0.133447812961653 0.100955219127781 2.90569327739694 2.98432629991251
0.101676870354441 0.104570466005799 2.88653754626087 2.96837750095067
0.11175153732588 0.101041766108727 2.89321663469543 2.97304795511947
0.106538245367367 0.105563818108092 2.89156531066686 2.97050508381609
0.113543774029553 0.0990263042294756 2.8954282816769 2.97407627471581
0.101676870354441 0.104570466005799 2.88653754626087 2.96837750095067
0.113543774029553 0.0990263042294756 2.8954282816769 2.97407627471581
0.11175153732588 0.101041766108727 2.89321663469543 2.97304795511947
0.114311285433791 0.103812003631182 2.89405870357584 2.97492905303064
0.112153426363569 0.108320725617943 2.89290225856591 2.9737860169922
0.115117720255068 0.101767958337254 2.89268290384146 2.97495168360789
0.107772290889738 0.103755361096244 2.89124816045144 2.9713280763022
0.121364910300775 0.108907114456677 2.89853795299446 2.97846743346761
0.106538245367367 0.105563818108092 2.89156531066686 2.97050508381609
0.133447812961653 0.100955219127781 2.90569327739694 2.98432629991251
0.113543774029553 0.0990263042294756 2.8954282816769 2.97407627471581
0.112153426363569 0.108320725617943 2.89290225856591 2.9737860169922
0.115117720255068 0.101767958337254 2.89268290384146 2.97495168360789
0.11175153732588 0.101041766108727 2.89321663469543 2.97304795511947
0.114311285433791 0.103812003631182 2.89405870357584 2.97492905303064
0.121364910300775 0.108907114456677 2.89853795299446 2.97846743346761
0.101676870354441 0.104570466005799 2.88653754626087 2.96837750095067
0.106538245367367 0.105563818108092 2.89156531066686 2.97050508381609
0.133447812961653 0.100955219127781 2.90569327739694 2.98432629991251
0.107772290889738 0.103755361096244 2.89124816045144 2.9713280763022
0.101676870354441 0.104570466005799 2.88653754626087 2.96837750095067
0.112153426363569 0.108320725617943 2.89290225856591 2.9737860169922
0.107772290889738 0.103755361096244 2.89124816045144 2.9713280763022
0.115117720255068 0.101767958337254 2.89268290384146 2.97495168360789
0.121364910300775 0.108907114456677 2.89853795299446 2.97846743346761
0.11175153732588 0.101041766108727 2.89321663469543 2.97304795511947
0.113543774029553 0.0990263042294756 2.8954282816769 2.97407627471581
0.106538245367367 0.105563818108092 2.89156531066686 2.97050508381609
0.114311285433791 0.103812003631182 2.89405870357584 2.97492905303064
0.133447812961653 0.100955219127781 2.90569327739694 2.98432629991251
0.106538245367367 0.105563818108092 2.89156531066686 2.97050508381609
0.114311285433791 0.103812003631182 2.89405870357584 2.97492905303064
0.115117720255068 0.101767958337254 2.89268290384146 2.97495168360789
0.113543774029553 0.0990263042294756 2.8954282816769 2.97407627471581
0.121364910300775 0.108907114456677 2.89853795299446 2.97846743346761
0.11175153732588 0.101041766108727 2.89321663469543 2.97304795511947
0.133447812961653 0.100955219127781 2.90569327739694 2.98432629991251
0.107772290889738 0.103755361096244 2.89124816045144 2.9713280763022
0.101676870354441 0.104570466005799 2.88653754626087 2.96837750095067
0.112153426363569 0.108320725617943 2.89290225856591 2.9737860169922
0.107772290889738 0.103755361096244 2.89124816045144 2.9713280763022
0.11175153732588 0.101041766108727 2.89321663469543 2.97304795511947
0.101676870354441 0.104570466005799 2.88653754626087 2.96837750095067
0.106538245367367 0.105563818108092 2.89156531066686 2.97050508381609
0.114311285433791 0.103812003631182 2.89405870357584 2.97492905303064
0.115117720255068 0.101767958337254 2.89268290384146 2.97495168360789
0.112153426363569 0.108320725617943 2.89290225856591 2.9737860169922
0.121364910300775 0.108907114456677 2.89853795299446 2.97846743346761
0.113543774029553 0.0990263042294756 2.8954282816769 2.97407627471581
0.133447812961653 0.100955219127781 2.90569327739694 2.98432629991251
0.112153426363569 0.108320725617943 2.89290225856591 2.9737860169922
0.101676870354441 0.104570466005799 2.88653754626087 2.96837750095067
0.106538245367367 0.105563818108092 2.89156531066686 2.97050508381609
0.114311285433791 0.103812003631182 2.89405870357584 2.97492905303064
0.115117720255068 0.101767958337254 2.89268290384146 2.97495168360789
0.121364910300775 0.108907114456677 2.89853795299446 2.97846743346761
0.133447812961653 0.100955219127781 2.90569327739694 2.98432629991251
0.11175153732588 0.101041766108727 2.89321663469543 2.97304795511947
0.113543774029553 0.0990263042294756 2.8954282816769 2.97407627471581
0.107772290889738 0.103755361096244 2.89124816045144 2.9713280763022
0.112153426363569 0.108320725617943 2.89290225856591 2.9737860169922
0.114311285433791 0.103812003631182 2.89405870357584 2.97492905303064
0.11175153732588 0.101041766108727 2.89321663469543 2.97304795511947
0.113543774029553 0.0990263042294756 2.8954282816769 2.97407627471581
0.106538245367367 0.105563818108092 2.89156531066686 2.97050508381609
0.107772290889738 0.103755361096244 2.89124816045144 2.9713280763022
0.115117720255068 0.101767958337254 2.89268290384146 2.97495168360789
0.133447812961653 0.100955219127781 2.90569327739694 2.98432629991251
0.101676870354441 0.104570466005799 2.88653754626087 2.96837750095067
0.121364910300775 0.108907114456677 2.89853795299446 2.97846743346761
0.113543774029553 0.0990263042294756 2.8954282816769 2.97407627471581
0.107772290889738 0.103755361096244 2.89124816045144 2.9713280763022
0.11175153732588 0.101041766108727 2.89321663469543 2.97304795511947
0.121364910300775 0.108907114456677 2.89853795299446 2.97846743346761
0.114311285433791 0.103812003631182 2.89405870357584 2.97492905303064
0.106538245367367 0.105563818108092 2.89156531066686 2.97050508381609
0.133447812961653 0.100955219127781 2.90569327739694 2.98432629991251
0.115117720255068 0.101767958337254 2.89268290384146 2.97495168360789
0.112153426363569 0.108320725617943 2.89290225856591 2.9737860169922
0.101676870354441 0.104570466005799 2.88653754626087 2.96837750095067
0.121364910300775 0.108907114456677 2.89853795299446 2.97846743346761
0.101676870354441 0.104570466005799 2.88653754626087 2.96837750095067
0.114311285433791 0.103812003631182 2.89405870357584 2.97492905303064
0.106538245367367 0.105563818108092 2.89156531066686 2.97050508381609
0.115117720255068 0.101767958337254 2.89268290384146 2.97495168360789
0.107772290889738 0.103755361096244 2.89124816045144 2.9713280763022
0.113543774029553 0.0990263042294756 2.8954282816769 2.97407627471581
0.11175153732588 0.101041766108727 2.89321663469543 2.97304795511947
0.133447812961653 0.100955219127781 2.90569327739694 2.98432629991251
0.112153426363569 0.108320725617943 2.89290225856591 2.9737860169922
0.113543774029553 0.0990263042294756 2.8954282816769 2.97407627471581
0.107772290889738 0.103755361096244 2.89124816045144 2.9713280763022
0.133447812961653 0.100955219127781 2.90569327739694 2.98432629991251
0.106538245367367 0.105563818108092 2.89156531066686 2.97050508381609
0.114311285433791 0.103812003631182 2.89405870357584 2.97492905303064
0.115117720255068 0.101767958337254 2.89268290384146 2.97495168360789
0.11175153732588 0.101041766108727 2.89321663469543 2.97304795511947
0.101676870354441 0.104570466005799 2.88653754626087 2.96837750095067
0.121364910300775 0.108907114456677 2.89853795299446 2.97846743346761
0.112153426363569 0.108320725617943 2.89290225856591 2.9737860169922
0.121364910300775 0.108907114456677 2.89853795299446 2.97846743346761
0.115117720255068 0.101767958337254 2.89268290384146 2.97495168360789
0.133447812961653 0.100955219127781 2.90569327739694 2.98432629991251
0.101676870354441 0.104570466005799 2.88653754626087 2.96837750095067
0.11175153732588 0.101041766108727 2.89321663469543 2.97304795511947
0.112153426363569 0.108320725617943 2.89290225856591 2.9737860169922
0.113543774029553 0.0990263042294756 2.8954282816769 2.97407627471581
0.114311285433791 0.103812003631182 2.89405870357584 2.97492905303064
0.107772290889738 0.103755361096244 2.89124816045144 2.9713280763022
0.106538245367367 0.105563818108092 2.89156531066686 2.97050508381609
0.11175153732588 0.101041766108727 2.89321663469543 2.97304795511947
0.101676870354441 0.104570466005799 2.88653754626087 2.96837750095067
0.121364910300775 0.108907114456677 2.89853795299446 2.97846743346761
0.112153426363569 0.108320725617943 2.89290225856591 2.9737860169922
0.133447812961653 0.100955219127781 2.90569327739694 2.98432629991251
0.115117720255068 0.101767958337254 2.89268290384146 2.97495168360789
0.114311285433791 0.103812003631182 2.89405870357584 2.97492905303064
0.113543774029553 0.0990263042294756 2.8954282816769 2.97407627471581
0.106538245367367 0.105563818108092 2.89156531066686 2.97050508381609
0.107772290889738 0.103755361096244 2.89124816045144 2.9713280763022
0.133447812961653 0.100955219127781 2.90569327739694 2.98432629991251
0.112153426363569 0.108320725617943 2.89290225856591 2.9737860169922
0.113543774029553 0.0990263042294756 2.8954282816769 2.97407627471581
0.11175153732588 0.101041766108727 2.89321663469543 2.97304795511947
0.121364910300775 0.108907114456677 2.89853795299446 2.97846743346761
0.106538245367367 0.105563818108092 2.89156531066686 2.97050508381609
0.101676870354441 0.104570466005799 2.88653754626087 2.96837750095067
0.107772290889738 0.103755361096244 2.89124816045144 2.9713280763022
0.114311285433791 0.103812003631182 2.89405870357584 2.97492905303064
0.115117720255068 0.101767958337254 2.89268290384146 2.97495168360789
0.114311285433791 0.103812003631182 2.89405870357584 2.97492905303064
0.106538245367367 0.105563818108092 2.89156531066686 2.97050508381609
0.112153426363569 0.108320725617943 2.89290225856591 2.9737860169922
0.101676870354441 0.104570466005799 2.88653754626087 2.96837750095067
0.11175153732588 0.101041766108727 2.89321663469543 2.97304795511947
0.113543774029553 0.0990263042294756 2.8954282816769 2.97407627471581
0.107772290889738 0.103755361096244 2.89124816045144 2.9713280763022
0.121364910300775 0.108907114456677 2.89853795299446 2.97846743346761
0.133447812961653 0.100955219127781 2.90569327739694 2.98432629991251
0.115117720255068 0.101767958337254 2.89268290384146 2.97495168360789
0.121364910300775 0.108907114456677 2.89853795299446 2.97846743346761
0.133447812961653 0.100955219127781 2.90569327739694 2.98432629991251
0.101676870354441 0.104570466005799 2.88653754626087 2.96837750095067
0.113543774029553 0.0990263042294756 2.8954282816769 2.97407627471581
0.114311285433791 0.103812003631182 2.89405870357584 2.97492905303064
0.115117720255068 0.101767958337254 2.89268290384146 2.97495168360789
0.107772290889738 0.103755361096244 2.89124816045144 2.9713280763022
0.112153426363569 0.108320725617943 2.89290225856591 2.9737860169922
0.11175153732588 0.101041766108727 2.89321663469543 2.97304795511947
0.106538245367367 0.105563818108092 2.89156531066686 2.97050508381609
