0.240288950286135 0.0301219962823056 2.87842800810972 2.96235815513888
0.208921021735978 0.0284726438362943 2.86769134320667 2.95543167076152
0.151022545210856 0.0267395178403791 2.85167790396272 2.94227458557948
0.219358632489313 0.0281522810221564 2.87273883149222 2.95755380711181
0.195701438633218 0.0265734823145346 2.86577886289914 2.95172480255903
0.221010165933501 0.0281479839773558 2.87229562777571 2.95823681351999
0.222497941374494 0.0280734117315139 2.87144946723975 2.95851436876225
0.281553921797495 0.0288103303043594 2.88964734323925 2.97153316061959
0.213767565371889 0.0279806411788357 2.87161732788396 2.95661928788958
0.195614710148341 0.0266479357279164 2.86354355273932 2.9521711313787
0.221010165933501 0.0281479839773558 2.87229562777571 2.95823681351999
0.195701438633218 0.0265734823145346 2.86577886289914 2.95172480255903
0.240288950286135 0.0301219962823056 2.87842800810972 2.96235815513888
0.195614710148341 0.0266479357279164 2.86354355273932 2.9521711313787
0.222497941374494 0.0280734117315139 2.87144946723975 2.95851436876225
0.208921021735978 0.0284726438362943 2.86769134320667 2.95543167076152
0.219358632489313 0.0281522810221564 2.87273883149222 2.95755380711181
0.151022545210856 0.0267395178403791 2.85167790396272 2.94227458557948
0.281553921797495 0.0288103303043594 2.88964734323925 2.97153316061959
0.213767565371889 0.0279806411788357 2.87161732788396 2.95661928788958
0.208921021735978 0.0284726438362943 2.86769134320667 2.95543167076152
0.240288950286135 0.0301219962823056 2.87842800810972 2.96235815513888
0.222497941374494 0.0280734117315139 2.87144946723975 2.95851436876225
0.213767565371889 0.0279806411788357 2.87161732788396 2.95661928788958
0.219358632489313 0.0281522810221564 2.87273883149222 2.95755380711181
0.195701438633218 0.0265734823145346 2.86577886289914 2.95172480255903
0.281553921797495 0.0288103303043594 2.88964734323925 2.97153316061959
0.221010165933501 0.0281479839773558 2.87229562777571 2.95823681351999
0.195614710148341 0.0266479357279164 2.86354355273932 2.9521711313787
0.151022545210856 0.0267395178403791 2.85167790396272 2.94227458557948
0.151022545210856 0.0267395178403791 2.85167790396272 2.94227458557948
0.213767565371889 0.0279806411788357 2.87161732788396 2.95661928788958
0.195614710148341 0.0266479357279164 2.86354355273932 2.9521711313787
0.240288950286135 0.0301219962823056 2.87842800810972 2.96235815513888
0.208921021735978 0.0284726438362943 2.86769134320667 2.95543167076152
0.281553921797495 0.0288103303043594 2.88964734323925 2.97153316061959
0.221010165933501 0.0281479839773558 2.87229562777571 2.95823681351999
0.222497941374494 0.0280734117315139 2.87144946723975 2.95851436876225
0.195701438633218 0.0265734823145346 2.86577886289914 2.95172480255903
0.219358632489313 0.0281522810221564 2.87273883149222 2.95755380711181
0.213767565371889 0.0279806411788357 2.87161732788396 2.95661928788958
0.281553921797495 0.0288103303043594 2.88964734323925 2.97153316061959
0.151022545210856 0.0267395178403791 2.85167790396272 2.94227458557948
0.208921021735978 0.0284726438362943 2.86769134320667 2.95543167076152
0.221010165933501 0.0281479839773558 2.87229562777571 2.95823681351999
0.219358632489313 0.0281522810221564 2.87273883149222 2.95755380711181
0.195614710148341 0.0266479357279164 2.86354355273932 2.9521711313787
0.240288950286135 0.0301219962823056 2.87842800810972 2.96235815513888
0.222497941374494 0.0280734117315139 2.87144946723975 2.95851436876225
0.195701438633218 0.0265734823145346 2.86577886289914 2.95172480255903
0.151022545210856 0.0267395178403791 2.85167790396272 2.94227458557948
0.219358632489313 0.0281522810221564 2.87273883149222 2.95755380711181
0.195614710148341 0.0266479357279164 2.86354355273932 2.9521711313787
0.222497941374494 0.0280734117315139 2.87144946723975 2.95851436876225
0.213767565371889 0.0279806411788357 2.87161732788396 2.95661928788958
0.195701438633218 0.0265734823145346 2.86577886289914 2.95172480255903
0.240288950286135 0.0301219962823056 2.87842800810972 2.96235815513888
0.221010165933501 0.0281479839773558 2.87229562777571 2.95823681351999
0.208921021735978 0.0284726438362943 2.86769134320667 2.95543167076152
0.281553921797495 0.0288103303043594 2.88964734323925 2.97153316061959
0.240288950286135 0.0301219962823056 2.87842800810972 2.96235815513888
0.208921021735978 0.0284726438362943 2.86769134320667 2.95543167076152
0.151022545210856 0.0267395178403791 2.85167790396272 2.94227458557948
0.213767565371889 0.0279806411788357 2.87161732788396 2.95661928788958
0.222497941374494 0.0280734117315139 2.87144946723975 2.95851436876225
0.219358632489313 0.0281522810221564 2.87273883149222 2.95755380711181
0.281553921797495 0.0288103303043594 2.88964734323925 2.97153316061959
0.221010165933501 0.0281479839773558 2.87229562777571 2.95823681351999
0.195701438633218 0.0265734823145346 2.86577886289914 2.95172480255903
0.195614710148341 0.0266479357279164 2.86354355273932 2.9521711313787
0.281553921797495 0.0288103303043594 2.88964734323925 2.97153316061959
0.221010165933501 0.0281479839773558 2.87229562777571 2.95823681351999
0.195614710148341 0.0266479357279164 2.86354355273932 2.9521711313787
0.240288950286135 0.0301219962823056 2.87842800810972 2.96235815513888
0.195701438633218 0.0265734823145346 2.86577886289914 2.95172480255903
0.222497941374494 0.0280734117315139 2.87144946723975 2.95851436876225
0.219358632489313 0.0281522810221564 2.87273883149222 2.95755380711181
0.213767565371889 0.0279806411788357 2.87161732788396 2.95661928788958
0.151022545210856 0.0267395178403791 2.85167790396272 2.94227458557948
0.208921021735978 0.0284726438362943 2.86769134320667 2.95543167076152
0.222497941374494 0.0280734117315139 2.87144946723975 2.95851436876225
0.213767565371889 0.0279806411788357 2.87161732788396 2.95661928788958
0.240288950286135 0.0301219962823056 2.87842800810972 2.96235815513888
0.195614710148341 0.0266479357279164 2.86354355273932 2.9521711313787
0.219358632489313 0.0281522810221564 2.87273883149222 2.95755380711181
0.151022545210856 0.0267395178403791 2.85167790396272 2.94227458557948
0.221010165933501 0.0281479839773558 2.87229562777571 2.95823681351999
0.208921021735978 0.0284726438362943 2.86769134320667 2.95543167076152
0.281553921797495 0.0288103303043594 2.88964734323925 2.97153316061959
0.195701438633218 0.0265734823145346 2.86577886289914 2.95172480255903
0.208921021735978 0.0284726438362943 2.86769134320667 2.95543167076152
0.240288950286135 0.0301219962823056 2.87842800810972 2.96235815513888
0.219358632489313 0.0281522810221564 2.87273883149222 2.95755380711181
0.195701438633218 0.0265734823145346 2.86577886289914 2.95172480255903
0.195614710148341 0.0266479357279164 2.86354355273932 2.9521711313787
0.213767565371889 0.0279806411788357 2.87161732788396 2.95661928788958
0.221010165933501 0.0281479839773558 2.87229562777571 2.95823681351999
0.281553921797495 0.0288103303043594 2.88964734323925 2.97153316061959
0.151022545210856 0.0267395178403791 2.85167790396272 2.94227458557948
0.222497941374494 0.0280734117315139 2.87144946723975 2.95851436876225
0.195701438633218 0.0265734823145346 2.86577886289914 2.95172480255903
0.208921021735978 0.0284726438362943 2.86769134320667 2.95543167076152
0.221010165933501 0.0281479839773558 2.87229562777571 2.95823681351999
0.213767565371889 0.0279806411788357 2.87161732788396 2.95661928788958
0.219358632489313 0.0281522810221564 2.87273883149222 2.95755380711181
0.222497941374494 0.0280734117315139 2.87144946723975 2.95851436876225
0.195614710148341 0.0266479357279164 2.86354355273932 2.9521711313787
0.151022545210856 0.0267395178403791 2.85167790396272 2.94227458557948
0.281553921797495 0.0288103303043594 2.88964734323925 2.97153316061959
0.240288950286135 0.0301219962823056 2.87842800810972 2.96235815513888
0.195614710148341 0.0266479357279164 2.86354355273932 2.9521711313787
0.219358632489313 0.0281522810221564 2.87273883149222 2.95755380711181
0.240288950286135 0.0301219962823056 2.87842800810972 2.96235815513888
0.222497941374494 0.0280734117315139 2.87144946723975 2.95851436876225
0.213767565371889 0.0279806411788357 2.87161732788396 2.95661928788958
0.151022545210856 0.0267395178403791 2.85167790396272 2.94227458557948
0.195701438633218 0.0265734823145346 2.86577886289914 2.95172480255903
0.208921021735978 0.0284726438362943 2.86769134320667 2.95543167076152
0.221010165933501 0.0281479839773558 2.87229562777571 2.95823681351999
0.281553921797495 0.0288103303043594 2.88964734323925 2.97153316061959
0.195701438633218 0.0265734823145346 2.86577886289914 2.95172480255903
0.281553921797495 0.0288103303043594 2.88964734323925 2.97153316061959
0.222497941374494 0.0280734117315139 2.87144946723975 2.95851436876225
0.195614710148341 0.0266479357279164 2.86354355273932 2.9521711313787
0.151022545210856 0.0267395178403791 2.85167790396272 2.94227458557948
0.240288950286135 0.0301219962823056 2.87842800810972 2.96235815513888
0.208921021735978 0.0284726438362943 2.86769134320667 2.95543167076152
0.221010165933501 0.0281479839773558 2.87229562777571 2.95823681351999
0.219358632489313 0.0281522810221564 2.87273883149222 2.95755380711181
0.213767565371889 0.0279806411788357 2.87161732788396 2.95661928788958
0.213767565371889 0.0279806411788357 2.87161732788396 2.95661928788958
0.151022545210856 0.0267395178403791 2.85167790396272 2.94227458557948
0.221010165933501 0.0281479839773558 2.87229562777571 2.95823681351999
0.240288950286135 0.0301219962823056 2.87842800810972 2.96235815513888
0.195614710148341 0.0266479357279164 2.86354355273932 2.9521711313787
0.222497941374494 0.0280734117315139 2.87144946723975 2.95851436876225
0.281553921797495 0.0288103303043594 2.88964734323925 2.97153316061959
0.208921021735978 0.0284726438362943 2.86769134320667 2.95543167076152
0.195701438633218 0.0265734823145346 2.86577886289914 2.95172480255903
0.219358632489313 0.0281522810221564 2.87273883149222 2.95755380711181
0.222497941374494 0.0280734117315139 2.87144946723975 2.95851436876225
0.281553921797495 0.0288103303043594 2.88964734323925 2.97153316061959
0.195614710148341 0.0266479357279164 2.86354355273932 2.9521711313787
0.151022545210856 0.0267395178403791 2.85167790396272 2.94227458557948
0.240288950286135 0.0301219962823056 2.87842800810972 2.96235815513888
0.219358632489313 0.0281522810221564 2.87273883149222 2.95755380711181
0.208921021735978 0.0284726438362943 2.86769134320667 2.95543167076152
0.195701438633218 0.0265734823145346 2.86577886289914 2.95172480255903
0.213767565371889 0.0279806411788357 2.87161732788396 2.95661928788958
0.221010165933501 0.0281479839773558 2.87229562777571 2.95823681351999
0.240288950286135 0.0301219962823056 2.87842800810972 2.96235815513888
0.213767565371889 0.0279806411788357 2.87161732788396 2.95661928788958
0.222497941374494 0.0280734117315139 2.87144946723975 2.95851436876225
0.208921021735978 0.0284726438362943 2.86769134320667 2.95543167076152
0.151022545210856 0.0267395178403791 2.85167790396272 2.94227458557948
0.195614710148341 0.0266479357279164 2.86354355273932 2.9521711313787
0.221010165933501 0.0281479839773558 2.87229562777571 2.95823681351999
0.219358632489313 0.0281522810221564 2.87273883149222 2.95755380711181
0.281553921797495 0.0288103303043594 2.88964734323925 2.97153316061959
0.195701438633218 0.0265734823145346 2.86577886289914 2.95172480255903
0.208921021735978 0.0284726438362943 2.86769134320667 2.95543167076152
0.151022545210856 0.0267395178403791 2.85167790396272 2.94227458557948
0.219358632489313 0.0281522810221564 2.87273883149222 2.95755380711181
0.195701438633218 0.0265734823145346 2.86577886289914 2.95172480255903
0.240288950286135 0.0301219962823056 2.87842800810972 2.96235815513888
0.195614710148341 0.0266479357279164 2.86354355273932 2.9521711313787
0.222497941374494 0.0280734117315139 2.87144946723975 2.95851436876225
0.213767565371889 0.0279806411788357 2.87161732788396 2.95661928788958
0.281553921797495 0.0288103303043594 2.88964734323925 2.97153316061959
0.221010165933501 0.0281479839773558 2.87229562777571 2.95823681351999
0.213767565371889 0.0279806411788357 2.87161732788396 2.95661928788958
0.222497941374494 0.0280734117315139 2.87144946723975 2.95851436876225
0.195701438633218 0.0265734823145346 2.86577886289914 2.95172480255903
0.281553921797495 0.0288103303043594 2.88964734323925 2.97153316061959
0.221010165933501 0.0281479839773558 2.87229562777571 2.95823681351999
0.208921021735978 0.0284726438362943 2.86769134320667 2.95543167076152
0.240288950286135 0.0301219962823056 2.87842800810972 2.96235815513888
0.151022545210856 0.0267395178403791 2.85167790396272 2.94227458557948
0.195614710148341 0.0266479357279164 2.86354355273932 2.9521711313787
0.219358632489313 0.0281522810221564 2.87273883149222 2.95755380711181
0.208921021735978 0.0284726438362943 2.86769134320667 2.95543167076152
0.195701438633218 0.0265734823145346 2.86577886289914 2.95172480255903
0.222497941374494 0.0280734117315139 2.87144946723975 2.95851436876225
0.151022545210856 0.0267395178403791 2.85167790396272 2.94227458557948
0.219358632489313 0.0281522810221564 2.87273883149222 2.95755380711181
0.213767565371889 0.0279806411788357 2.87161732788396 2.95661928788958
0.221010165933501 0.0281479839773558 2.87229562777571 2.95823681351999
0.281553921797495 0.0288103303043594 2.88964734323925 2.97153316061959
0.195614710148341 0.0266479357279164 2.86354355273932 2.9521711313787
0.240288950286135 0.0301219962823056 2.87842800810972 2.96235815513888
0.240288950286135 0.0301219962823056 2.87842800810972 2.96235815513888
0.221010165933501 0.0281479839773558 2.87229562777571 2.95823681351999
0.219358632489313 0.0281522810221564 2.87273883149222 2.95755380711181
0.195614710148341 0.0266479357279164 2.86354355273932 2.9521711313787
0.151022545210856 0.0267395178403791 2.85167790396272 2.94227458557948
0.281553921797495 0.0288103303043594 2.88964734323925 2.97153316061959
0.208921021735978 0.0284726438362943 2.86769134320667 2.95543167076152
0.195701438633218 0.0265734823145346 2.86577886289914 2.95172480255903
0.213767565371889 0.0279806411788357 2.87161732788396 2.95661928788958
0.222497941374494 0.0280734117315139 2.87144946723975 2.95851436876225
0.219358632489313 0.0281522810221564 2.87273883149222 2.95755380711181
0.195701438633218 0.0265734823145346 2.86577886289914 2.95172480255903
0.208921021735978 0.0284726438362943 2.86769134320667 2.95543167076152
0.221010165933501 0.0281479839773558 2.87229562777571 2.95823681351999
0.195614710148341 0.0266479357279164 2.86354355273932 2.9521711313787
0.213767565371889 0.0279806411788357 2.87161732788396 2.95661928788958
0.240288950286135 0.0301219962823056 2.87842800810972 2.96235815513888
0.222497941374494 0.0280734117315139 2.87144946723975 2.95851436876225
0.281553921797495 0.0288103303043594 2.88964734323925 2.97153316061959
0.151022545210856 0.0267395178403791 2.85167790396272 2.94227458557948
0.195701438633218 0.0265734823145346 2.86577886289914 2.95172480255903
0.151022545210856 0.0267395178403791 2.85167790396272 2.94227458557948
0.195614710148341 0.0266479357279164 2.86354355273932 2.9521711313787
0.219358632489313 0.0281522810221564 2.87273883149222 2.95755380711181
0.221010165933501 0.0281479839773558 2.87229562777571 2.95823681351999
0.281553921797495 0.0288103303043594 2.88964734323925 2.97153316061959
0.240288950286135 0.0301219962823056 2.87842800810972 2.96235815513888
0.213767565371889 0.0279806411788357 2.87161732788396 2.95661928788958
0.222497941374494 0.0280734117315139 2.87144946723975 2.95851436876225
0.208921021735978 0.0284726438362943 2.86769134320667 2.95543167076152
0.281553921797495 0.0288103303043594 2.88964734323925 2.97153316061959
0.195614710148341 0.0266479357279164 2.86354355273932 2.9521711313787
0.213767565371889 0.0279806411788357 2.87161732788396 2.95661928788958
0.222497941374494 0.0280734117315139 2.87144946723975 2.95851436876225
0.219358632489313 0.0281522810221564 2.87273883149222 2.95755380711181
0.195701438633218 0.0265734823145346 2.86577886289914 2.95172480255903
0.151022545210856 0.0267395178403791 2.85167790396272 2.94227458557948
0.208921021735978 0.0284726438362943 2.86769134320667 2.95543167076152
0.240288950286135 0.0301219962823056 2.87842800810972 2.96235815513888
0.221010165933501 0.0281479839773558 2.87229562777571 2.95823681351999
0.208921021735978 0.0284726438362943 2.86769134320667 2.95543167076152
0.221010165933501 0.0281479839773558 2.87229562777571 2.95823681351999
0.281553921797495 0.0288103303043594 2.88964734323925 2.97153316061959
0.195614710148341 0.0266479357279164 2.86354355273932 2.9521711313787
0.222497941374494 0.0280734117315139 2.87144946723975 2.95851436876225
0.151022545210856 0.0267395178403791 2.85167790396272 2.94227458557948
0.219358632489313 0.0281522810221564 2.87273883149222 2.95755380711181
0.240288950286135 0.0301219962823056 2.87842800810972 2.96235815513888
0.213767565371889 0.0279806411788357 2.87161732788396 2.95661928788958
0.195701438633218 0.0265734823145346 2.86577886289914 2.95172480255903
0.240288950286135 0.0301219962823056 2.87842800810972 2.96235815513888
0.195614710148341 0.0266479357279164 2.86354355273932 2.9521711313787
0.151022545210856 0.0267395178403791 2.85167790396272 2.94227458557948
0.195701438633218 0.0265734823145346 2.86577886289914 2.95172480255903
0.208921021735978 0.0284726438362943 2.86769134320667 2.95543167076152
0.219358632489313 0.0281522810221564 2.87273883149222 2.95755380711181
0.222497941374494 0.0280734117315139 2.87144946723975 2.95851436876225
0.213767565371889 0.0279806411788357 2.87161732788396 2.95661928788958
0.221010165933501 0.0281479839773558 2.87229562777571 2.95823681351999
0.281553921797495 0.0288103303043594 2.88964734323925 2.97153316061959
0.240288950286135 0.0301219962823056 2.87842800810972 2.96235815513888
0.195614710148341 0.0266479357279164 2.86354355273932 2.9521711313787
0.221010165933501 0.0281479839773558 2.87229562777571 2.95823681351999
0.208921021735978 0.0284726438362943 2.86769134320667 2.95543167076152
0.195701438633218 0.0265734823145346 2.86577886289914 2.95172480255903
0.151022545210856 0.0267395178403791 2.85167790396272 2.94227458557948
0.219358632489313 0.0281522810221564 2.87273883149222 2.95755380711181
0.213767565371889 0.0279806411788357 2.87161732788396 2.95661928788958
0.281553921797495 0.0288103303043594 2.88964734323925 2.97153316061959
0.222497941374494 0.0280734117315139 2.87144946723975 2.95851436876225
0.208921021735978 0.0284726438362943 2.86769134320667 2.95543167076152
0.195701438633218 0.0265734823145346 2.86577886289914 2.95172480255903
0.240288950286135 0.0301219962823056 2.87842800810972 2.96235815513888
0.222497941374494 0.0280734117315139 2.87144946723975 2.95851436876225
0.221010165933501 0.0281479839773558 2.87229562777571 2.95823681351999
0.219358632489313 0.0281522810221564 2.87273883149222 2.95755380711181
0.195614710148341 0.0266479357279164 2.86354355273932 2.9521711313787
0.213767565371889 0.0279806411788357 2.87161732788396 2.95661928788958
0.281553921797495 0.0288103303043594 2.88964734323925 2.97153316061959
0.151022545210856 0.0267395178403791 2.85167790396272 2.94227458557948
0.151022545210856 0.0267395178403791 2.85167790396272 2.94227458557948
0.221010165933501 0.0281479839773558 2.87229562777571 2.95823681351999
0.208921021735978 0.0284726438362943 2.86769134320667 2.95543167076152
0.195701438633218 0.0265734823145346 2.86577886289914 2.95172480255903
0.213767565371889 0.0279806411788357 2.87161732788396 2.95661928788958
0.240288950286135 0.0301219962823056 2.87842800810972 2.96235815513888
0.281553921797495 0.0288103303043594 2.88964734323925 2.97153316061959
0.219358632489313 0.0281522810221564 2.87273883149222 2.95755380711181
0.195614710148341 0.0266479357279164 2.86354355273932 2.9521711313787
0.222497941374494 0.0280734117315139 2.87144946723975 2.95851436876225
0.195701438633218 0.0265734823145346 2.86577886289914 2.95172480255903
0.195614710148341 0.0266479357279164 2.86354355273932 2.9521711313787
0.222497941374494 0.0280734117315139 2.87144946723975 2.95851436876225
0.219358632489313 0.0281522810221564 2.87273883149222 2.95755380711181
0.240288950286135 0.0301219962823056 2.87842800810972 2.96235815513888
0.151022545210856 0.0267395178403791 2.85167790396272 2.94227458557948
0.281553921797495 0.0288103303043594 2.88964734323925 2.97153316061959
0.213767565371889 0.0279806411788357 2.87161732788396 2.95661928788958
0.221010165933501 0.0281479839773558 2.87229562777571 2.95823681351999
0.208921021735978 0.0284726438362943 2.86769134320667 2.95543167076152
0.195701438633218 0.0265734823145346 2.86577886289914 2.95172480255903
0.151022545210856 0.0267395178403791 2.85167790396272 2.94227458557948
0.195614710148341 0.0266479357279164 2.86354355273932 2.9521711313787
0.213767565371889 0.0279806411788357 2.87161732788396 2.95661928788958
0.208921021735978 0.0284726438362943 2.86769134320667 2.95543167076152
0.222497941374494 0.0280734117315139 2.87144946723975 2.95851436876225
0.221010165933501 0.0281479839773558 2.87229562777571 2.95823681351999
0.240288950286135 0.0301219962823056 2.87842800810972 2.96235815513888
0.219358632489313 0.0281522810221564 2.87273883149222 2.95755380711181
0.281553921797495 0.0288103303043594 2.88964734323925 2.97153316061959
0.219358632489313 0.0281522810221564 2.87273883149222 2.95755380711181
0.281553921797495 0.0288103303043594 2.88964734323925 2.97153316061959
0.195614710148341 0.0266479357279164 2.86354355273932 2.9521711313787
0.151022545210856 0.0267395178403791 2.85167790396272 2.94227458557948
0.195701438633218 0.0265734823145346 2.86577886289914 2.95172480255903
0.213767565371889 0.0279806411788357 2.87161732788396 2.95661928788958
0.208921021735978 0.0284726438362943 2.86769134320667 2.95543167076152
0.222497941374494 0.0280734117315139 2.87144946723975 2.95851436876225
0.221010165933501 0.0281479839773558 2.87229562777571 2.95823681351999
0.240288950286135 0.0301219962823056 2.87842800810972 2.96235815513888
0.219358632489313 0.0281522810221564 2.87273883149222 2.95755380711181
0.208921021735978 0.0284726438362943 2.86769134320667 2.95543167076152
0.195701438633218 0.0265734823145346 2.86577886289914 2.95172480255903
0.151022545210856 0.0267395178403791 2.85167790396272 2.94227458557948
0.221010165933501 0.0281479839773558 2.87229562777571 2.95823681351999
0.281553921797495 0.0288103303043594 2.88964734323925 2.97153316061959
0.222497941374494 0.0280734117315139 2.87144946723975 2.95851436876225
0.213767565371889 0.0279806411788357 2.87161732788396 2.95661928788958
0.240288950286135 0.0301219962823056 2.87842800810972 2.96235815513888
0.195614710148341 0.0266479357279164 2.86354355273932 2.9521711313787
0.219358632489313 0.0281522810221564 2.87273883149222 2.95755380711181
0.222497941374494 0.0280734117315139 2.87144946723975 2.95851436876225
0.240288950286135 0.0301219962823056 2.87842800810972 2.96235815513888
0.221010165933501 0.0281479839773558 2.87229562777571 2.95823681351999
0.213767565371889 0.0279806411788357 2.87161732788396 2.95661928788958
0.151022545210856 0.0267395178403791 2.85167790396272 2.94227458557948
0.195614710148341 0.0266479357279164 2.86354355273932 2.9521711313787
0.281553921797495 0.0288103303043594 2.88964734323925 2.97153316061959
0.195701438633218 0.0265734823145346 2.86577886289914 2.95172480255903
0.208921021735978 0.0284726438362943 2.86769134320667 2.95543167076152
0.195701438633218 0.0265734823145346 2.86577886289914 2.95172480255903
0.151022545210856 0.0267395178403791 2.85167790396272 2.94227458557948
0.208921021735978 0.0284726438362943 2.86769134320667 2.95543167076152
0.240288950286135 0.0301219962823056 2.87842800810972 2.96235815513888
0.219358632489313 0.0281522810221564 2.87273883149222 2.95755380711181
0.195614710148341 0.0266479357279164 2.86354355273932 2.9521711313787
0.221010165933501 0.0281479839773558 2.87229562777571 2.95823681351999
0.281553921797495 0.0288103303043594 2.88964734323925 2.97153316061959
0.213767565371889 0.0279806411788357 2.87161732788396 2.95661928788958
0.222497941374494 0.0280734117315139 2.87144946723975 2.95851436876225
0.195614710148341 0.0266479357279164 2.86354355273932 2.9521711313787
0.219358632489313 0.0281522810221564 2.87273883149222 2.95755380711181
0.213767565371889 0.0279806411788357 2.87161732788396 2.95661928788958
0.240288950286135 0.0301219962823056 2.87842800810972 2.96235815513888
0.195701438633218 0.0265734823145346 2.86577886289914 2.95172480255903
0.222497941374494 0.0280734117315139 2.87144946723975 2.95851436876225
0.281553921797495 0.0288103303043594 2.88964734323925 2.97153316061959
0.208921021735978 0.0284726438362943 2.86769134320667 2.95543167076152
0.221010165933501 0.0281479839773558 2.87229562777571 2.95823681351999
0.151022545210856 0.0267395178403791 2.85167790396272 2.94227458557948
0.221010165933501 0.0281479839773558 2.87229562777571 2.95823681351999
0.219358632489313 0.0281522810221564 2.87273883149222 2.95755380711181
0.151022545210856 0.0267395178403791 2.85167790396272 2.94227458557948
0.213767565371889 0.0279806411788357 2.87161732788396 2.95661928788958
0.222497941374494 0.0280734117315139 2.87144946723975 2.95851436876225
0.195701438633218 0.0265734823145346 2.86577886289914 2.95172480255903
0.240288950286135 0.0301219962823056 2.87842800810972 2.96235815513888
0.281553921797495 0.0288103303043594 2.88964734323925 2.97153316061959
0.195614710148341 0.0266479357279164 2.86354355273932 2.9521711313787
0.208921021735978 0.0284726438362943 2.86769134320667 2.95543167076152
0.221010165933501 0.0281479839773558 2.87229562777571 2.95823681351999
0.195701438633218 0.0265734823145346 2.86577886289914 2.95172480255903
0.281553921797495 0.0288103303043594 2.88964734323925 2.97153316061959
0.222497941374494 0.0280734117315139 2.87144946723975 2.95851436876225
0.240288950286135 0.0301219962823056 2.87842800810972 2.96235815513888
0.208921021735978 0.0284726438362943 2.86769134320667 2.95543167076152
0.219358632489313 0.0281522810221564 2.87273883149222 2.95755380711181
0.151022545210856 0.0267395178403791 2.85167790396272 2.94227458557948
0.195614710148341 0.0266479357279164 2.86354355273932 2.9521711313787
0.213767565371889 0.0279806411788357 2.87161732788396 2.95661928788958
0.208921021735978 0.0284726438362943 2.86769134320667 2.95543167076152
0.195701438633218 0.0265734823145346 2.86577886289914 2.95172480255903
0.221010165933501 0.0281479839773558 2.87229562777571 2.95823681351999
0.222497941374494 0.0280734117315139 2.87144946723975 2.95851436876225
0.213767565371889 0.0279806411788357 2.87161732788396 2.95661928788958
0.195614710148341 0.0266479357279164 2.86354355273932 2.9521711313787
0.240288950286135 0.0301219962823056 2.87842800810972 2.96235815513888
0.281553921797495 0.0288103303043594 2.88964734323925 2.97153316061959
0.219358632489313 0.0281522810221564 2.87273883149222 2.95755380711181
0.151022545210856 0.0267395178403791 2.85167790396272 2.94227458557948
0.195614710148341 0.0266479357279164 2.86354355273932 2.9521711313787
0.208921021735978 0.0284726438362943 2.86769134320667 2.95543167076152
0.219358632489313 0.0281522810221564 2.87273883149222 2.95755380711181
0.281553921797495 0.0288103303043594 2.88964734323925 2.97153316061959
0.195701438633218 0.0265734823145346 2.86577886289914 2.95172480255903
0.221010165933501 0.0281479839773558 2.87229562777571 2.95823681351999
0.213767565371889 0.0279806411788357 2.87161732788396 2.95661928788958
0.151022545210856 0.0267395178403791 2.85167790396272 2.94227458557948
0.222497941374494 0.0280734117315139 2.87144946723975 2.95851436876225
0.240288950286135 0.0301219962823056 2.87842800810972 2.96235815513888
0.219358632489313 0.0281522810221564 2.87273883149222 2.95755380711181
0.208921021735978 0.0284726438362943 2.86769134320667 2.95543167076152
0.222497941374494 0.0280734117315139 2.87144946723975 2.95851436876225
0.195614710148341 0.0266479357279164 2.86354355273932 2.9521711313787
0.151022545210856 0.0267395178403791 2.85167790396272 2.94227458557948
0.213767565371889 0.0279806411788357 2.87161732788396 2.95661928788958
0.281553921797495 0.0288103303043594 2.88964734323925 2.97153316061959
0.221010165933501 0.0281479839773558 2.87229562777571 2.95823681351999
0.195701438633218 0.0265734823145346 2.86577886289914 2.95172480255903
0.240288950286135 0.0301219962823056 2.87842800810972 2.96235815513888
0.219358632489313 0.0281522810221564 2.87273883149222 2.95755380711181
0.195614710148341 0.0266479357279164 2.86354355273932 2.9521711313787
0.222497941374494 0.0280734117315139 2.87144946723975 2.95851436876225
0.240288950286135 0.0301219962823056 2.87842800810972 2.96235815513888
0.281553921797495 0.0288103303043594 2.88964734323925 2.97153316061959
0.213767565371889 0.0279806411788357 2.87161732788396 2.95661928788958
0.151022545210856 0.0267395178403791 2.85167790396272 2.94227458557948
0.195701438633218 0.0265734823145346 2.86577886289914 2.95172480255903
0.208921021735978 0.0284726438362943 2.86769134320667 2.95543167076152
0.221010165933501 0.0281479839773558 2.87229562777571 2.95823681351999
0.222497941374494 0.0280734117315139 2.87144946723975 2.95851436876225
0.219358632489313 0.0281522810221564 2.87273883149222 2.95755380711181
0.195701438633218 0.0265734823145346 2.86577886289914 2.95172480255903
0.151022545210856 0.0267395178403791 2.85167790396272 2.94227458557948
0.213767565371889 0.0279806411788357 2.87161732788396 2.95661928788958
0.240288950286135 0.0301219962823056 2.87842800810972 2.96235815513888
0.208921021735978 0.0284726438362943 2.86769134320667 2.95543167076152
0.281553921797495 0.0288103303043594 2.88964734323925 2.97153316061959
0.195614710148341 0.0266479357279164 2.86354355273932 2.9521711313787
0.221010165933501 0.0281479839773558 2.87229562777571 2.95823681351999
0.195701438633218 0.0265734823145346 2.86577886289914 2.95172480255903
0.219358632489313 0.0281522810221564 2.87273883149222 2.95755380711181
0.281553921797495 0.0288103303043594 2.88964734323925 2.97153316061959
0.195614710148341 0.0266479357279164 2.86354355273932 2.9521711313787
0.222497941374494 0.0280734117315139 2.87144946723975 2.95851436876225
0.240288950286135 0.0301219962823056 2.87842800810972 2.96235815513888
0.151022545210856 0.0267395178403791 2.85167790396272 2.94227458557948
0.213767565371889 0.0279806411788357 2.87161732788396 2.95661928788958
0.208921021735978 0.0284726438362943 2.86769134320667 2.95543167076152
0.221010165933501 0.0281479839773558 2.87229562777571 2.95823681351999
0.281553921797495 0.0288103303043594 2.88964734323925 2.97153316061959
0.213767565371889 0.0279806411788357 2.87161732788396 2.95661928788958
0.219358632489313 0.0281522810221564 2.87273883149222 2.95755380711181
0.208921021735978 0.0284726438362943 2.86769134320667 2.95543167076152
0.151022545210856 0.0267395178403791 2.85167790396272 2.94227458557948
0.222497941374494 0.0280734117315139 2.87144946723975 2.95851436876225
0.195701438633218 0.0265734823145346 2.86577886289914 2.95172480255903
0.221010165933501 0.0281479839773558 2.87229562777571 2.95823681351999
0.195614710148341 0.0266479357279164 2.86354355273932 2.9521711313787
0.240288950286135 0.0301219962823056 2.87842800810972 2.96235815513888
0.195614710148341 0.0266479357279164 2.86354355273932 2.9521711313787
0.240288950286135 0.0301219962823056 2.87842800810972 2.96235815513888
0.219358632489313 0.0281522810221564 2.87273883149222 2.95755380711181
0.151022545210856 0.0267395178403791 2.85167790396272 2.94227458557948
0.195701438633218 0.0265734823145346 2.86577886289914 2.95172480255903
0.222497941374494 0.0280734117315139 2.87144946723975 2.95851436876225
0.221010165933501 0.0281479839773558 2.87229562777571 2.95823681351999
0.208921021735978 0.0284726438362943 2.86769134320667 2.95543167076152
0.213767565371889 0.0279806411788357 2.87161732788396 2.95661928788958
0.281553921797495 0.0288103303043594 2.88964734323925 2.97153316061959
0.221010165933501 0.0281479839773558 2.87229562777571 2.95823681351999
0.281553921797495 0.0288103303043594 2.88964734323925 2.97153316061959
0.208921021735978 0.0284726438362943 2.86769134320667 2.95543167076152
0.213767565371889 0.0279806411788357 2.87161732788396 2.95661928788958
0.219358632489313 0.0281522810221564 2.87273883149222 2.95755380711181
0.151022545210856 0.0267395178403791 2.85167790396272 2.94227458557948
0.195701438633218 0.0265734823145346 2.86577886289914 2.95172480255903
0.222497941374494 0.0280734117315139 2.87144946723975 2.95851436876225
0.240288950286135 0.0301219962823056 2.87842800810972 2.96235815513888
0.195614710148341 0.0266479357279164 2.86354355273932 2.9521711313787
0.281553921797495 0.0288103303043594 2.88964734323925 2.97153316061959
0.151022545210856 0.0267395178403791 2.85167790396272 2.94227458557948
0.219358632489313 0.0281522810221564 2.87273883149222 2.95755380711181
0.221010165933501 0.0281479839773558 2.87229562777571 2.95823681351999
0.195701438633218 0.0265734823145346 2.86577886289914 2.95172480255903
0.195614710148341 0.0266479357279164 2.86354355273932 2.9521711313787
0.222497941374494 0.0280734117315139 2.87144946723975 2.95851436876225
0.213767565371889 0.0279806411788357 2.87161732788396 2.95661928788958
0.208921021735978 0.0284726438362943 2.86769134320667 2.95543167076152
0.240288950286135 0.0301219962823056 2.87842800810972 2.96235815513888
0.281553921797495 0.0288103303043594 2.88964734323925 2.97153316061959
0.195614710148341 0.0266479357279164 2.86354355273932 2.9521711313787
0.208921021735978 0.0284726438362943 2.86769134320667 2.95543167076152
0.151022545210856 0.0267395178403791 2.85167790396272 2.94227458557948
0.219358632489313 0.0281522810221564 2.87273883149222 2.95755380711181
0.195701438633218 0.0265734823145346 2.86577886289914 2.95172480255903
0.221010165933501 0.0281479839773558 2.87229562777571 2.95823681351999
0.213767565371889 0.0279806411788357 2.87161732788396 2.95661928788958
0.222497941374494 0.0280734117315139 2.87144946723975 2.95851436876225
0.240288950286135 0.0301219962823056 2.87842800810972 2.96235815513888
0.208921021735978 0.0284726438362943 2.86769134320667 2.95543167076152
0.195701438633218 0.0265734823145346 2.86577886289914 2.95172480255903
0.240288950286135 0.0301219962823056 2.87842800810972 2.96235815513888
0.151022545210856 0.0267395178403791 2.85167790396272 2.94227458557948
0.222497941374494 0.0280734117315139 2.87144946723975 2.95851436876225
0.219358632489313 0.0281522810221564 2.87273883149222 2.95755380711181
0.213767565371889 0.0279806411788357 2.87161732788396 2.95661928788958
0.195614710148341 0.0266479357279164 2.86354355273932 2.9521711313787
0.221010165933501 0.0281479839773558 2.87229562777571 2.95823681351999
0.281553921797495 0.0288103303043594 2.88964734323925 2.97153316061959
0.221010165933501 0.0281479839773558 2.87229562777571 2.95823681351999
0.240288950286135 0.0301219962823056 2.87842800810972 2.96235815513888
0.222497941374494 0.0280734117315139 2.87144946723975 2.95851436876225
0.213767565371889 0.0279806411788357 2.87161732788396 2.95661928788958
0.219358632489313 0.0281522810221564 2.87273883149222 2.95755380711181
0.195701438633218 0.0265734823145346 2.86577886289914 2.95172480255903
0.195614710148341 0.0266479357279164 2.86354355273932 2.9521711313787
0.208921021735978 0.0284726438362943 2.86769134320667 2.95543167076152
0.151022545210856 0.0267395178403791 2.85167790396272 2.94227458557948
0.281553921797495 0.0288103303043594 2.88964734323925 2.97153316061959
